-11.950 -14.576 16.192 28.062 0.000 0.000 1.000 -1.852e+00 -3.785e-01 -3.030e-01 -1.179e+00 -2.451e+00 -4.077e+00 -8.634e+00 -1.411e+01 -2.029e+01 -2.400e+01 -2.400e+01 -2.400e+01 -2.400e+01 -2.400e+01 -2.400e+01 -2.400e+01
-11.900 -12.961 16.233 28.050 0.000 0.000 1.000 -1.810e+00 -3.871e-01 -3.031e-01 -1.138e+00 -2.405e+00 -4.025e+00 -8.485e+00 -1.386e+01 -1.993e+01 -2.399e+01 -2.400e+01 -2.400e+01 -2.400e+01 -2.400e+01 -2.400e+01 -2.400e+01
-11.850 -13.052 16.274 28.029 0.000 0.000 1.000 -1.769e+00 -3.966e-01 -3.033e-01 -1.098e+00 -2.360e+00 -3.972e+00 -8.339e+00 -1.362e+01 -1.959e+01 -2.397e+01 -2.400e+01 -2.400e+01 -2.400e+01 -2.400e+01 -2.400e+01 -2.400e+01
-11.800 -12.800 16.314 28.012 0.000 0.000 1.000 -1.728e+00 -4.069e-01 -3.035e-01 -1.059e+00 -2.315e+00 -3.919e+00 -8.193e+00 -1.338e+01 -1.926e+01 -2.391e+01 -2.400e+01 -2.400e+01 -2.400e+01 -2.400e+01 -2.400e+01 -2.400e+01
-11.750 -13.156 16.352 27.984 0.000 0.000 1.000 -1.689e+00 -4.183e-01 -3.037e-01 -1.020e+00 -2.271e+00 -3.866e+00 -8.049e+00 -1.315e+01 -1.893e+01 -2.380e+01 -2.400e+01 -2.400e+01 -2.400e+01 -2.400e+01 -2.400e+01 -2.400e+01
-11.700 -13.818 16.390 27.956 0.000 0.000 1.000 -1.650e+00 -4.308e-01 -3.039e-01 -9.832e-01 -2.227e+00 -3.813e+00 -7.904e+00 -1.291e+01 -1.860e+01 -2.359e+01 -2.400e+01 -2.400e+01 -2.400e+01 -2.400e+01 -2.400e+01 -2.400e+01
-11.650 -13.511 16.426 27.928 0.000 0.000 1.000 -1.613e+00 -4.443e-01 -3.041e-01 -9.475e-01 -2.184e+00 -3.760e+00 -7.760e+00 -1.267e+01 -1.827e+01 -2.328e+01 -2.400e+01 -2.400e+01 -2.400e+01 -2.400e+01 -2.400e+01 -2.400e+01
-11.600 -12.940 16.461 27.901 0.000 0.000 1.000 -1.576e+00 -4.590e-01 -3.043e-01 -9.130e-01 -2.141e+00 -3.707e+00 -7.616e+00 -1.243e+01 -1.793e+01 -2.291e+01 -2.400e+01 -2.400e+01 -2.400e+01 -2.400e+01 -2.400e+01 -2.400e+01
-11.550 -12.550 16.495 27.879 0.000 0.000 1.000 -1.541e+00 -4.750e-01 -3.044e-01 -8.797e-01 -2.099e+00 -3.653e+00 -7.475e+00 -1.220e+01 -1.762e+01 -2.253e+01 -2.400e+01 -2.400e+01 -2.400e+01 -2.400e+01 -2.400e+01 -2.400e+01
-11.500 -12.906 16.528 27.832 0.000 0.000 1.000 -1.506e+00 -4.924e-01 -3.046e-01 -8.477e-01 -2.057e+00 -3.600e+00 -7.336e+00 -1.198e+01 -1.731e+01 -2.214e+01 -2.400e+01 -2.400e+01 -2.400e+01 -2.400e+01 -2.400e+01 -2.400e+01
-11.450 -13.568 16.559 27.789 0.000 0.000 1.000 -1.473e+00 -5.110e-01 -3.047e-01 -8.173e-01 -2.016e+00 -3.546e+00 -7.196e+00 -1.175e+01 -1.699e+01 -2.174e+01 -2.400e+01 -2.400e+01 -2.400e+01 -2.400e+01 -2.400e+01 -2.400e+01
-11.400 -13.261 16.588 27.748 0.000 0.000 1.000 -1.441e+00 -5.310e-01 -3.047e-01 -7.887e-01 -1.975e+00 -3.492e+00 -7.056e+00 -1.152e+01 -1.668e+01 -2.134e+01 -2.400e+01 -2.400e+01 -2.400e+01 -2.400e+01 -2.400e+01 -2.400e+01
-11.350 -12.690 16.617 27.707 0.000 0.000 1.000 -1.411e+00 -5.524e-01 -3.047e-01 -7.616e-01 -1.936e+00 -3.438e+00 -6.917e+00 -1.130e+01 -1.636e+01 -2.093e+01 -2.400e+01 -2.400e+01 -2.400e+01 -2.400e+01 -2.400e+01 -2.400e+01
-11.300 -12.300 16.643 27.674 0.000 0.000 1.000 -1.381e+00 -5.754e-01 -3.046e-01 -7.361e-01 -1.896e+00 -3.384e+00 -6.781e+00 -1.108e+01 -1.606e+01 -2.055e+01 -2.400e+01 -2.400e+01 -2.400e+01 -2.400e+01 -2.400e+01 -2.400e+01
-11.250 -12.656 16.668 27.604 0.000 0.000 1.000 -1.353e+00 -6.000e-01 -3.044e-01 -7.122e-01 -1.858e+00 -3.331e+00 -6.647e+00 -1.087e+01 -1.577e+01 -2.018e+01 -2.400e+01 -2.400e+01 -2.400e+01 -2.400e+01 -2.400e+01 -2.400e+01
-11.200 -13.318 16.692 27.541 0.000 0.000 1.000 -1.326e+00 -6.260e-01 -3.041e-01 -6.902e-01 -1.820e+00 -3.276e+00 -6.512e+00 -1.065e+01 -1.547e+01 -1.980e+01 -2.400e+01 -2.400e+01 -2.400e+01 -2.400e+01 -2.400e+01 -2.400e+01
-11.150 -13.011 16.714 27.481 0.000 0.000 1.000 -1.300e+00 -6.534e-01 -3.037e-01 -6.702e-01 -1.782e+00 -3.222e+00 -6.378e+00 -1.043e+01 -1.517e+01 -1.941e+01 -2.399e+01 -2.400e+01 -2.400e+01 -2.400e+01 -2.400e+01 -2.400e+01
-11.100 -12.440 16.734 27.422 0.000 0.000 1.000 -1.275e+00 -6.822e-01 -3.031e-01 -6.521e-01 -1.746e+00 -3.168e+00 -6.245e+00 -1.022e+01 -1.487e+01 -1.903e+01 -2.397e+01 -2.400e+01 -2.400e+01 -2.400e+01 -2.400e+01 -2.400e+01
-11.050 -12.050 16.752 27.374 0.000 0.000 1.000 -1.252e+00 -7.127e-01 -3.023e-01 -6.358e-01 -1.709e+00 -3.113e+00 -6.114e+00 -1.001e+01 -1.458e+01 -1.867e+01 -2.393e+01 -2.400e+01 -2.400e+01 -2.400e+01 -2.400e+01 -2.400e+01
-11.000 -12.406 16.769 27.273 0.000 0.000 1.000 -1.229e+00 -7.449e-01 -3.012e-01 -6.212e-01 -1.673e+00 -3.059e+00 -5.985e+00 -9.806e+00 -1.431e+01 -1.832e+01 -2.383e+01 -2.400e+01 -2.400e+01 -2.400e+01 -2.400e+01 -2.400e+01
-10.950 -13.068 16.784 27.181 0.000 0.000 1.000 -1.207e+00 -7.783e-01 -3.000e-01 -6.089e-01 -1.638e+00 -3.004e+00 -5.856e+00 -9.600e+00 -1.402e+01 -1.796e+01 -2.364e+01 -2.400e+01 -2.400e+01 -2.400e+01 -2.400e+01 -2.400e+01
-10.900 -12.761 16.797 27.092 0.000 0.000 1.000 -1.187e+00 -8.128e-01 -2.984e-01 -5.987e-01 -1.603e+00 -2.948e+00 -5.726e+00 -9.394e+00 -1.374e+01 -1.759e+01 -2.333e+01 -2.400e+01 -2.400e+01 -2.400e+01 -2.400e+01 -2.400e+01
-10.850 -12.190 16.809 27.004 0.000 0.000 1.000 -1.167e+00 -8.487e-01 -2.965e-01 -5.907e-01 -1.568e+00 -2.893e+00 -5.598e+00 -9.190e+00 -1.346e+01 -1.723e+01 -2.296e+01 -2.400e+01 -2.400e+01 -2.400e+01 -2.400e+01 -2.400e+01
-10.800 -11.800 16.819 26.930 0.000 0.000 1.000 -1.148e+00 -8.861e-01 -2.942e-01 -5.846e-01 -1.534e+00 -2.836e+00 -5.472e+00 -8.992e+00 -1.319e+01 -1.689e+01 -2.257e+01 -2.400e+01 -2.400e+01 -2.400e+01 -2.400e+01 -2.400e+01
-10.750 -12.156 16.828 26.767 0.000 0.000 1.000 -1.129e+00 -9.251e-01 -2.916e-01 -5.807e-01 -1.500e+00 -2.780e+00 -5.347e+00 -8.797e+00 -1.292e+01 -1.656e+01 -2.218e+01 -2.400e+01 -2.400e+01 -2.400e+01 -2.400e+01 -2.400e+01
-10.700 -12.818 16.835 26.607 0.000 0.000 1.000 -1.111e+00 -9.650e-01 -2.886e-01 -5.792e-01 -1.466e+00 -2.722e+00 -5.221e+00 -8.600e+00 -1.266e+01 -1.622e+01 -2.177e+01 -2.400e+01 -2.400e+01 -2.400e+01 -2.400e+01 -2.400e+01
-10.650 -12.511 16.840 26.435 0.000 0.000 1.000 -1.093e+00 -1.006e+00 -2.851e-01 -5.802e-01 -1.433e+00 -2.664e+00 -5.094e+00 -8.402e+00 -1.238e+01 -1.587e+01 -2.135e+01 -2.400e+01 -2.400e+01 -2.400e+01 -2.400e+01 -2.400e+01
-10.600 -11.940 16.844 26.235 0.000 0.000 1.000 -1.076e+00 -1.047e+00 -2.812e-01 -5.838e-01 -1.400e+00 -2.604e+00 -4.968e+00 -8.206e+00 -1.211e+01 -1.553e+01 -2.093e+01 -2.400e+01 -2.400e+01 -2.400e+01 -2.400e+01 -2.400e+01
-10.550 -11.550 16.846 26.023 0.000 0.000 1.000 -1.060e+00 -1.090e+00 -2.768e-01 -5.899e-01 -1.367e+00 -2.544e+00 -4.843e+00 -8.013e+00 -1.185e+01 -1.520e+01 -2.054e+01 -2.400e+01 -2.400e+01 -2.400e+01 -2.400e+01 -2.400e+01
-10.500 -11.906 16.847 24.338 0.000 0.000 1.000 -1.043e+00 -1.135e+00 -2.720e-01 -5.988e-01 -1.334e+00 -2.483e+00 -4.719e+00 -7.824e+00 -1.160e+01 -1.489e+01 -2.016e+01 -2.400e+01 -2.400e+01 -2.400e+01 -2.400e+01 -2.400e+01
-10.450 -12.568 16.846 25.766 0.000 0.000 1.000 -1.027e+00 -1.179e+00 -2.667e-01 -6.109e-01 -1.302e+00 -2.421e+00 -4.593e+00 -7.631e+00 -1.134e+01 -1.456e+01 -1.976e+01 -2.399e+01 -2.400e+01 -2.400e+01 -2.400e+01 -2.400e+01
-10.400 -12.261 16.844 25.983 0.000 0.000 1.000 -1.011e+00 -1.224e+00 -2.610e-01 -6.262e-01 -1.270e+00 -2.357e+00 -4.466e+00 -7.437e+00 -1.108e+01 -1.422e+01 -1.935e+01 -2.397e+01 -2.400e+01 -2.400e+01 -2.400e+01 -2.400e+01
-10.350 -11.690 16.841 26.079 0.000 0.000 1.000 -9.952e-01 -1.270e+00 -2.550e-01 -6.451e-01 -1.239e+00 -2.292e+00 -4.338e+00 -7.242e+00 -1.081e+01 -1.389e+01 -1.895e+01 -2.392e+01 -2.400e+01 -2.400e+01 -2.400e+01 -2.400e+01
-10.300 -11.300 16.837 26.120 0.000 0.000 1.000 -9.797e-01 -1.316e+00 -2.486e-01 -6.678e-01 -1.208e+00 -2.226e+00 -4.212e+00 -7.052e+00 -1.056e+01 -1.357e+01 -1.857e+01 -2.380e+01 -2.400e+01 -2.400e+01 -2.400e+01 -2.400e+01
-10.250 -11.656 16.831 26.154 0.000 0.000 1.000 -9.643e-01 -1.364e+00 -2.420e-01 -6.947e-01 -1.178e+00 -2.159e+00 -4.085e+00 -6.863e+00 -1.030e+01 -1.326e+01 -1.819e+01 -2.359e+01 -2.400e+01 -2.400e+01 -2.400e+01 -2.400e+01
-10.200 -12.318 16.825 26.144 0.000 0.000 1.000 -9.494e-01 -1.411e+00 -2.353e-01 -7.262e-01 -1.148e+00 -2.090e+00 -3.956e+00 -6.670e+00 -1.005e+01 -1.294e+01 -1.780e+01 -2.327e+01 -2.400e+01 -2.400e+01 -2.400e+01 -2.400e+01
-10.150 -12.011 16.818 26.112 0.000 0.000 1.000 -9.348e-01 -1.457e+00 -2.287e-01 -7.626e-01 -1.120e+00 -2.020e+00 -3.826e+00 -6.475e+00 -9.785e+00 -1.261e+01 -1.740e+01 -2.285e+01 -2.400e+01 -2.400e+01 -2.400e+01 -2.400e+01
-10.100 -11.440 16.811 26.066 0.000 0.000 1.000 -9.207e-01 -1.503e+00 -2.221e-01 -8.044e-01 -1.093e+00 -1.950e+00 -3.696e+00 -6.280e+00 -9.524e+00 -1.228e+01 -1.701e+01 -2.241e+01 -2.400e+01 -2.400e+01 -2.400e+01 -2.400e+01
-10.050 -11.050 16.804 26.017 0.000 0.000 1.000 -9.071e-01 -1.549e+00 -2.159e-01 -8.523e-01 -1.067e+00 -1.879e+00 -3.566e+00 -6.089e+00 -9.270e+00 -1.197e+01 -1.663e+01 -2.197e+01 -2.400e+01 -2.400e+01 -2.400e+01 -2.400e+01
-10.000 -11.406 16.797 25.883 0.000 0.000 1.000 -8.939e-01 -1.595e+00 -2.100e-01 -9.070e-01 -1.043e+00 -1.808e+00 -3.438e+00 -5.899e+00 -9.019e+00 -1.166e+01 -1.626e+01 -2.155e+01 -2.400e+01 -2.400e+01 -2.400e+01 -2.400e+01
-9.950 -12.068 16.792 25.711 0.000 0.000 1.000 -8.815e-01 -1.638e+00 -2.048e-01 -9.683e-01 -1.021e+00 -1.737e+00 -3.308e+00 -5.707e+00 -8.763e+00 -1.135e+01 -1.588e+01 -2.110e+01 -2.400e+01 -2.400e+01 -2.400e+01 -2.400e+01
-9.900 -11.761 16.788 25.462 0.000 0.000 1.000 -8.699e-01 -1.678e+00 -2.005e-01 -1.036e+00 -1.002e+00 -1.666e+00 -3.177e+00 -5.512e+00 -8.504e+00 -1.102e+01 -1.549e+01 -2.065e+01 -2.400e+01 -2.400e+01 -2.400e+01 -2.400e+01
-9.850 -11.190 16.786 24.961 0.000 0.000 1.000 -8.591e-01 -1.716e+00 -1.972e-01 -1.112e+00 -9.842e-01 -1.595e+00 -3.048e+00 -5.319e+00 -8.246e+00 -1.070e+01 -1.511e+01 -2.019e+01 -2.399e+01 -2.400e+01 -2.400e+01 -2.400e+01
-9.800 -10.800 16.786 24.743 0.000 0.000 1.000 -8.490e-01 -1.751e+00 -1.948e-01 -1.195e+00 -9.691e-01 -1.526e+00 -2.921e+00 -5.131e+00 -7.996e+00 -1.040e+01 -1.474e+01 -1.976e+01 -2.398e+01 -2.400e+01 -2.400e+01 -2.400e+01
-9.750 -11.156 16.789 25.497 0.000 0.000 1.000 -8.397e-01 -1.783e+00 -1.937e-01 -1.287e+00 -9.565e-01 -1.457e+00 -2.796e+00 -4.946e+00 -7.751e+00 -1.010e+01 -1.438e+01 -1.935e+01 -2.393e+01 -2.400e+01 -2.400e+01 -2.400e+01
-9.700 -11.818 16.795 25.692 0.000 0.000 1.000 -8.313e-01 -1.811e+00 -1.940e-01 -1.382e+00 -9.468e-01 -1.390e+00 -2.672e+00 -4.760e+00 -7.503e+00 -9.795e+00 -1.401e+01 -1.892e+01 -2.381e+01 -2.400e+01 -2.400e+01 -2.400e+01
-9.650 -11.511 16.804 25.792 0.000 0.000 1.000 -8.237e-01 -1.834e+00 -1.958e-01 -1.479e+00 -9.400e-01 -1.325e+00 -2.550e+00 -4.575e+00 -7.253e+00 -9.487e+00 -1.364e+01 -1.848e+01 -2.356e+01 -2.400e+01 -2.400e+01 -2.400e+01
-9.600 -10.940 16.817 25.853 0.000 0.000 1.000 -8.167e-01 -1.853e+00 -1.990e-01 -1.575e+00 -9.357e-01 -1.262e+00 -2.431e+00 -4.392e+00 -7.006e+00 -9.185e+00 -1.327e+01 -1.804e+01 -2.319e+01 -2.400e+01 -2.400e+01 -2.400e+01
-9.550 -10.550 16.832 25.888 0.000 0.000 1.000 -8.103e-01 -1.868e+00 -2.035e-01 -1.667e+00 -9.338e-01 -1.201e+00 -2.315e+00 -4.216e+00 -6.769e+00 -8.896e+00 -1.292e+01 -1.763e+01 -2.277e+01 -2.400e+01 -2.400e+01 -2.400e+01
-9.500 -10.906 16.850 25.932 0.000 0.000 1.000 -8.042e-01 -1.881e+00 -2.095e-01 -1.749e+00 -9.343e-01 -1.142e+00 -2.204e+00 -4.044e+00 -6.538e+00 -8.616e+00 -1.258e+01 -1.724e+01 -2.233e+01 -2.400e+01 -2.400e+01 -2.400e+01
-9.450 -11.568 16.870 25.952 0.000 0.000 1.000 -7.985e-01 -1.890e+00 -2.169e-01 -1.814e+00 -9.371e-01 -1.086e+00 -2.095e+00 -3.874e+00 -6.306e+00 -8.333e+00 -1.224e+01 -1.683e+01 -2.187e+01 -2.400e+01 -2.400e+01 -2.400e+01
-9.400 -11.261 16.892 25.960 0.000 0.000 1.000 -7.930e-01 -1.898e+00 -2.257e-01 -1.860e+00 -9.420e-01 -1.032e+00 -1.990e+00 -3.706e+00 -6.073e+00 -8.049e+00 -1.189e+01 -1.641e+01 -2.139e+01 -2.400e+01 -2.400e+01 -2.400e+01
-9.350 -10.690 16.916 25.964 0.000 0.000 1.000 -7.875e-01 -1.904e+00 -2.357e-01 -1.893e+00 -9.488e-01 -9.797e-01 -1.888e+00 -3.542e+00 -5.846e+00 -7.772e+00 -1.154e+01 -1.601e+01 -2.092e+01 -2.399e+01 -2.400e+01 -2.400e+01
-9.300 -10.300 16.942 25.964 0.000 0.000 1.000 -7.821e-01 -1.909e+00 -2.471e-01 -1.916e+00 -9.576e-01 -9.300e-01 -1.791e+00 -3.385e+00 -5.627e+00 -7.508e+00 -1.122e+01 -1.562e+01 -2.048e+01 -2.396e+01 -2.400e+01 -2.400e+01
-9.250 -10.656 16.969 25.960 0.000 0.000 1.000 -7.765e-01 -1.915e+00 -2.600e-01 -1.933e+00 -9.683e-01 -8.824e-01 -1.699e+00 -3.232e+00 -5.414e+00 -7.253e+00 -1.090e+01 -1.525e+01 -2.005e+01 -2.389e+01 -2.400e+01 -2.400e+01
-9.200 -11.318 16.997 25.953 0.000 0.000 1.000 -7.710e-01 -1.920e+00 -2.742e-01 -1.946e+00 -9.813e-01 -8.370e-01 -1.610e+00 -3.083e+00 -5.202e+00 -6.997e+00 -1.059e+01 -1.487e+01 -1.961e+01 -2.372e+01 -2.400e+01 -2.400e+01
-9.150 -11.011 17.026 25.943 0.000 0.000 1.000 -7.655e-01 -1.926e+00 -2.899e-01 -1.959e+00 -9.965e-01 -7.938e-01 -1.525e+00 -2.937e+00 -4.991e+00 -6.743e+00 -1.026e+01 -1.448e+01 -1.916e+01 -2.341e+01 -2.400e+01 -2.400e+01
-9.100 -10.440 17.055 25.932 0.000 0.000 1.000 -7.600e-01 -1.932e+00 -3.073e-01 -1.972e+00 -1.014e+00 -7.527e-01 -1.445e+00 -2.796e+00 -4.785e+00 -6.496e+00 -9.950e+00 -1.410e+01 -1.871e+01 -2.298e+01 -2.400e+01 -2.400e+01
-9.050 -10.706 17.085 25.915 0.000 0.000 1.000 -7.545e-01 -1.939e+00 -3.265e-01 -1.988e+00 -1.035e+00 -7.135e-01 -1.369e+00 -2.661e+00 -4.586e+00 -6.259e+00 -9.648e+00 -1.374e+01 -1.828e+01 -2.253e+01 -2.400e+01 -2.400e+01
-9.000 -10.002 17.116 25.901 0.000 0.000 1.000 -7.490e-01 -1.946e+00 -3.476e-01 -2.005e+00 -1.059e+00 -6.764e-01 -1.298e+00 -2.531e+00 -4.391e+00 -6.027e+00 -9.350e+00 -1.337e+01 -1.786e+01 -2.205e+01 -2.400e+01 -2.400e+01
-8.950 -11.005 17.146 25.871 0.000 0.000 1.000 -7.436e-01 -1.955e+00 -3.708e-01 -2.024e+00 -1.086e+00 -6.413e-01 -1.231e+00 -2.406e+00 -4.202e+00 -5.805e+00 -9.063e+00 -1.302e+01 -1.745e+01 -2.159e+01 -2.400e+01 -2.400e+01
-8.900 -10.611 17.175 25.844 0.000 0.000 1.000 -7.384e-01 -1.964e+00 -3.963e-01 -2.046e+00 -1.116e+00 -6.083e-01 -1.169e+00 -2.287e+00 -4.017e+00 -5.587e+00 -8.776e+00 -1.267e+01 -1.703e+01 -2.111e+01 -2.400e+01 -2.400e+01
-8.850 -10.191 17.204 25.815 0.000 0.000 1.000 -7.332e-01 -1.974e+00 -4.241e-01 -2.070e+00 -1.151e+00 -5.775e-01 -1.111e+00 -2.174e+00 -3.837e+00 -5.377e+00 -8.496e+00 -1.232e+01 -1.662e+01 -2.064e+01 -2.399e+01 -2.400e+01
-8.800 -10.046 17.233 25.780 0.000 0.000 1.000 -7.281e-01 -1.986e+00 -4.546e-01 -2.097e+00 -1.189e+00 -5.487e-01 -1.058e+00 -2.067e+00 -3.664e+00 -5.176e+00 -8.228e+00 -1.199e+01 -1.622e+01 -2.019e+01 -2.398e+01 -2.400e+01
-8.750 -10.776 17.260 25.732 0.000 0.000 1.000 -7.232e-01 -1.998e+00 -4.880e-01 -2.126e+00 -1.231e+00 -5.221e-01 -1.010e+00 -1.967e+00 -3.497e+00 -4.983e+00 -7.966e+00 -1.166e+01 -1.583e+01 -1.974e+01 -2.393e+01 -2.400e+01
-8.700 -10.166 17.285 25.689 0.000 0.000 1.000 -7.184e-01 -2.012e+00 -5.242e-01 -2.159e+00 -1.277e+00 -4.977e-01 -9.655e-01 -1.872e+00 -3.336e+00 -4.798e+00 -7.711e+00 -1.134e+01 -1.544e+01 -1.930e+01 -2.382e+01 -2.400e+01
-8.650 -9.898 17.310 25.642 0.000 0.000 1.000 -7.137e-01 -2.028e+00 -5.637e-01 -2.195e+00 -1.326e+00 -4.753e-01 -9.254e-01 -1.785e+00 -3.181e+00 -4.622e+00 -7.464e+00 -1.103e+01 -1.506e+01 -1.886e+01 -2.358e+01 -2.400e+01
-8.600 -10.187 17.333 25.579 0.000 0.000 1.000 -7.091e-01 -2.045e+00 -6.065e-01 -2.234e+00 -1.378e+00 -4.551e-01 -8.894e-01 -1.704e+00 -3.033e+00 -4.454e+00 -7.225e+00 -1.072e+01 -1.469e+01 -1.844e+01 -2.322e+01 -2.400e+01
-8.550 -9.965 17.354 25.521 0.000 0.000 1.000 -7.046e-01 -2.064e+00 -6.529e-01 -2.277e+00 -1.433e+00 -4.370e-01 -8.571e-01 -1.630e+00 -2.892e+00 -4.295e+00 -6.995e+00 -1.042e+01 -1.432e+01 -1.802e+01 -2.279e+01 -2.400e+01
-8.500 -10.091 17.374 25.451 0.000 0.000 1.000 -7.004e-01 -2.084e+00 -7.031e-01 -2.323e+00 -1.489e+00 -4.208e-01 -8.283e-01 -1.563e+00 -2.757e+00 -4.144e+00 -6.772e+00 -1.013e+01 -1.396e+01 -1.761e+01 -2.234e+01 -2.400e+01
-8.450 -10.632 17.391 25.375 0.000 0.000 1.000 -6.962e-01 -2.107e+00 -7.573e-01 -2.373e+00 -1.548e+00 -4.065e-01 -8.028e-01 -1.503e+00 -2.630e+00 -4.002e+00 -6.558e+00 -9.848e+00 -1.362e+01 -1.722e+01 -2.188e+01 -2.399e+01
-8.400 -10.008 17.408 25.303 0.000 0.000 1.000 -6.923e-01 -2.131e+00 -8.158e-01 -2.428e+00 -1.608e+00 -3.940e-01 -7.803e-01 -1.449e+00 -2.510e+00 -3.869e+00 -6.353e+00 -9.574e+00 -1.328e+01 -1.683e+01 -2.143e+01 -2.398e+01
-8.350 -10.566 17.423 25.216 0.000 0.000 1.000 -6.885e-01 -2.158e+00 -8.788e-01 -2.487e+00 -1.668e+00 -3.832e-01 -7.606e-01 -1.402e+00 -2.397e+00 -3.744e+00 -6.156e+00 -9.309e+00 -1.294e+01 -1.645e+01 -2.100e+01 -2.393e+01
-8.300 -10.031 17.436 25.133 0.000 0.000 1.000 -6.850e-01 -2.188e+00 -9.466e-01 -2.550e+00 -1.727e+00 -3.738e-01 -7.435e-01 -1.360e+00 -2.291e+00 -3.628e+00 -5.967e+00 -9.052e+00 -1.262e+01 -1.609e+01 -2.057e+01 -2.383e+01
-8.250 -10.514 17.447 25.036 0.000 0.000 1.000 -6.817e-01 -2.220e+00 -1.019e+00 -2.619e+00 -1.786e+00 -3.659e-01 -7.287e-01 -1.324e+00 -2.193e+00 -3.521e+00 -5.786e+00 -8.803e+00 -1.231e+01 -1.573e+01 -2.015e+01 -2.361e+01
-8.200 -10.043 17.458 24.941 0.000 0.000 1.000 -6.787e-01 -2.255e+00 -1.097e+00 -2.693e+00 -1.844e+00 -3.593e-01 -7.161e-01 -1.294e+00 -2.101e+00 -3.422e+00 -5.614e+00 -8.562e+00 -1.200e+01 -1.539e+01 -1.975e+01 -2.329e+01
-8.150 -10.123 17.467 24.832 0.000 0.053 1.000 -6.767e-01 -2.293e+00 -1.181e+00 -2.772e+00 -1.899e+00 -3.563e-01 -6.996e-01 -1.266e+00 -2.017e+00 -3.331e+00 -5.450e+00 -8.330e+00 -1.170e+01 -1.506e+01 -1.936e+01 -2.290e+01
-8.100 -10.242 17.475 24.717 0.000 0.053 1.000 -6.741e-01 -2.334e+00 -1.270e+00 -2.857e+00 -1.950e+00 -3.516e-01 -6.923e-01 -1.244e+00 -1.940e+00 -3.248e+00 -5.293e+00 -8.106e+00 -1.141e+01 -1.474e+01 -1.898e+01 -2.249e+01
-8.050 -10.291 17.481 24.597 0.000 0.053 1.000 -6.717e-01 -2.379e+00 -1.365e+00 -2.947e+00 -1.997e+00 -3.479e-01 -6.862e-01 -1.226e+00 -1.869e+00 -3.172e+00 -5.144e+00 -7.889e+00 -1.113e+01 -1.442e+01 -1.861e+01 -2.209e+01
-8.000 -10.255 17.487 24.471 0.000 0.053 1.000 -6.696e-01 -2.428e+00 -1.466e+00 -3.042e+00 -2.038e+00 -3.451e-01 -6.813e-01 -1.211e+00 -1.805e+00 -3.103e+00 -5.002e+00 -7.679e+00 -1.086e+01 -1.412e+01 -1.825e+01 -2.169e+01
-7.950 -10.619 17.491 24.336 0.000 0.053 1.000 -6.678e-01 -2.480e+00 -1.572e+00 -3.142e+00 -2.074e+00 -3.431e-01 -6.775e-01 -1.200e+00 -1.748e+00 -3.042e+00 -4.867e+00 -7.477e+00 -1.059e+01 -1.383e+01 -1.790e+01 -2.130e+01
-7.900 -9.990 17.494 24.147 0.000 0.105 1.000 -6.658e-01 -2.536e+00 -1.684e+00 -3.246e+00 -2.105e+00 -3.421e-01 -6.745e-01 -1.191e+00 -1.698e+00 -2.982e+00 -4.738e+00 -7.282e+00 -1.033e+01 -1.355e+01 -1.757e+01 -2.093e+01
-7.850 -10.108 17.497 23.982 0.000 0.105 1.000 -6.640e-01 -2.595e+00 -1.800e+00 -3.353e+00 -2.131e+00 -3.417e-01 -6.723e-01 -1.183e+00 -1.653e+00 -2.936e+00 -4.615e+00 -7.093e+00 -1.008e+01 -1.328e+01 -1.725e+01 -2.056e+01
-7.800 -10.275 17.498 23.788 0.000 0.105 1.000 -6.624e-01 -2.657e+00 -1.919e+00 -3.460e+00 -2.151e+00 -3.418e-01 -6.709e-01 -1.176e+00 -1.615e+00 -2.895e+00 -4.500e+00 -6.910e+00 -9.835e+00 -1.301e+01 -1.693e+01 -2.021e+01
-7.750 -10.111 17.500 23.528 0.000 0.105 1.000 -6.609e-01 -2.720e+00 -2.037e+00 -3.565e+00 -2.167e+00 -3.424e-01 -6.699e-01 -1.171e+00 -1.582e+00 -2.861e+00 -4.391e+00 -6.734e+00 -9.595e+00 -1.276e+01 -1.663e+01 -1.988e+01
-7.700 -10.380 17.500 22.997 0.000 0.158 1.000 -6.596e-01 -2.784e+00 -2.152e+00 -3.663e+00 -2.180e+00 -3.438e-01 -6.702e-01 -1.160e+00 -1.553e+00 -2.831e+00 -4.287e+00 -6.565e+00 -9.363e+00 -1.251e+01 -1.633e+01 -1.955e+01
-7.650 -9.947 17.500 22.746 0.000 0.263 1.000 -6.579e-01 -2.846e+00 -2.258e+00 -3.729e+00 -2.195e+00 -3.450e-01 -6.697e-01 -1.158e+00 -1.528e+00 -2.804e+00 -4.189e+00 -6.401e+00 -9.136e+00 -1.227e+01 -1.605e+01 -1.924e+01
-7.600 -9.980 17.500 23.399 0.000 0.263 1.000 -6.562e-01 -2.894e+00 -2.328e+00 -3.737e+00 -2.199e+00 -3.467e-01 -6.695e-01 -1.156e+00 -1.508e+00 -2.783e+00 -4.097e+00 -6.242e+00 -8.915e+00 -1.204e+01 -1.578e+01 -1.894e+01
-7.550 -10.064 17.498 23.569 0.000 0.263 1.000 -6.542e-01 -2.921e+00 -2.365e+00 -3.744e+00 -2.204e+00 -3.486e-01 -6.695e-01 -1.154e+00 -1.493e+00 -2.765e+00 -4.008e+00 -6.089e+00 -8.700e+00 -1.181e+01 -1.551e+01 -1.865e+01
-7.500 -9.567 17.498 23.314 0.062 0.211 1.000 -6.523e-01 -2.964e+00 -2.449e+00 -3.898e+00 -2.205e+00 -3.501e-01 -6.692e-01 -1.151e+00 -1.480e+00 -2.751e+00 -3.924e+00 -5.940e+00 -8.489e+00 -1.159e+01 -1.525e+01 -1.838e+01
-7.450 -9.434 17.496 23.387 0.062 0.211 1.000 -6.504e-01 -3.006e+00 -2.511e+00 -3.943e+00 -2.209e+00 -3.518e-01 -6.689e-01 -1.149e+00 -1.470e+00 -2.739e+00 -3.844e+00 -5.796e+00 -8.284e+00 -1.138e+01 -1.501e+01 -1.811e+01
-7.400 -9.665 17.495 23.248 0.000 0.211 1.000 -6.483e-01 -3.035e+00 -2.552e+00 -3.973e+00 -2.213e+00 -3.536e-01 -6.687e-01 -1.147e+00 -1.462e+00 -2.728e+00 -3.767e+00 -5.656e+00 -8.083e+00 -1.117e+01 -1.477e+01 -1.785e+01
-7.350 -10.077 17.493 22.938 0.000 0.211 1.000 -6.461e-01 -3.055e+00 -2.579e+00 -3.992e+00 -2.217e+00 -3.556e-01 -6.684e-01 -1.144e+00 -1.455e+00 -2.719e+00 -3.694e+00 -5.520e+00 -7.886e+00 -1.096e+01 -1.453e+01 -1.760e+01
-7.300 -9.479 17.491 23.452 0.062 0.263 1.000 -6.437e-01 -3.067e+00 -2.596e+00 -4.005e+00 -2.222e+00 -3.580e-01 -6.686e-01 -1.143e+00 -1.441e+00 -2.704e+00 -3.622e+00 -5.387e+00 -7.693e+00 -1.076e+01 -1.430e+01 -1.736e+01
-7.250 -9.968 17.488 22.947 0.000 0.263 1.000 -6.409e-01 -3.076e+00 -2.608e+00 -4.014e+00 -2.227e+00 -3.606e-01 -6.683e-01 -1.140e+00 -1.435e+00 -2.694e+00 -3.552e+00 -5.256e+00 -7.503e+00 -1.057e+01 -1.408e+01 -1.712e+01
-7.200 -9.657 17.486 23.324 0.000 0.263 1.000 -6.378e-01 -3.083e+00 -2.617e+00 -4.022e+00 -2.233e+00 -3.635e-01 -6.681e-01 -1.136e+00 -1.428e+00 -2.685e+00 -3.485e+00 -5.128e+00 -7.315e+00 -1.037e+01 -1.386e+01 -1.689e+01
-7.150 -9.930 17.482 23.029 0.000 0.263 1.000 -6.344e-01 -3.089e+00 -2.625e+00 -4.029e+00 -2.239e+00 -3.666e-01 -6.678e-01 -1.133e+00 -1.421e+00 -2.674e+00 -3.418e+00 -5.003e+00 -7.131e+00 -1.018e+01 -1.365e+01 -1.667e+01
-7.100 -9.524 17.479 23.358 0.062 0.263 1.000 -6.308e-01 -3.095e+00 -2.634e+00 -4.037e+00 -2.247e+00 -3.699e-01 -6.676e-01 -1.129e+00 -1.414e+00 -2.663e+00 -3.354e+00 -4.879e+00 -6.949e+00 -9.994e+00 -1.344e+01 -1.645e+01
-7.050 -9.357 17.475 23.396 0.062 0.263 1.000 -6.269e-01 -3.101e+00 -2.642e+00 -4.045e+00 -2.254e+00 -3.736e-01 -6.674e-01 -1.125e+00 -1.406e+00 -2.651e+00 -3.290e+00 -4.757e+00 -6.769e+00 -9.807e+00 -1.324e+01 -1.624e+01
-7.000 -9.427 17.471 23.398 0.062 0.263 1.000 -6.227e-01 -3.109e+00 -2.652e+00 -4.054e+00 -2.262e+00 -3.777e-01 -6.672e-01 -1.120e+00 -1.397e+00 -2.639e+00 -3.227e+00 -4.637e+00 -6.591e+00 -9.623e+00 -1.304e+01 -1.603e+01
-6.950 -9.420 17.467 23.344 0.062 0.263 1.000 -6.182e-01 -3.116e+00 -2.662e+00 -4.063e+00 -2.271e+00 -3.821e-01 -6.671e-01 -1.116e+00 -1.388e+00 -2.625e+00 -3.165e+00 -4.518e+00 -6.414e+00 -9.440e+00 -1.284e+01 -1.582e+01
-6.900 -9.546 17.462 23.284 0.062 0.263 1.000 -6.134e-01 -3.125e+00 -2.673e+00 -4.073e+00 -2.281e+00 -3.868e-01 -6.670e-01 -1.111e+00 -1.378e+00 -2.610e+00 -3.104e+00 -4.400e+00 -6.239e+00 -9.259e+00 -1.264e+01 -1.561e+01
-6.850 -9.329 17.456 23.330 0.062 0.263 1.000 -6.083e-01 -3.134e+00 -2.685e+00 -4.085e+00 -2.291e+00 -3.920e-01 -6.670e-01 -1.106e+00 -1.368e+00 -2.595e+00 -3.043e+00 -4.284e+00 -6.065e+00 -9.078e+00 -1.215e+01 -1.517e+01
-6.800 -9.818 17.451 23.141 0.000 0.263 1.000 -6.028e-01 -3.143e+00 -2.698e+00 -4.096e+00 -2.302e+00 -3.975e-01 -6.672e-01 -1.100e+00 -1.357e+00 -2.578e+00 -2.982e+00 -4.168e+00 -5.892e+00 -8.899e+00 -1.234e+01 -1.531e+01
-6.750 -9.886 17.444 22.914 0.000 0.263 1.000 -5.971e-01 -3.154e+00 -2.711e+00 -4.108e+00 -2.314e+00 -4.035e-01 -6.674e-01 -1.095e+00 -1.346e+00 -2.561e+00 -2.922e+00 -4.052e+00 -5.720e+00 -8.720e+00 -1.207e+01 -1.501e+01
-6.700 -10.387 17.437 23.345 0.000 0.316 1.000 -5.910e-01 -3.165e+00 -2.726e+00 -4.122e+00 -2.326e+00 -4.100e-01 -6.677e-01 -1.089e+00 -1.334e+00 -2.543e+00 -2.862e+00 -3.938e+00 -5.549e+00 -8.534e+00 -1.195e+01 -1.491e+01
-6.650 -9.669 17.430 23.123 0.000 0.368 1.000 -5.846e-01 -3.177e+00 -2.741e+00 -4.136e+00 -2.340e+00 -4.169e-01 -6.682e-01 -1.083e+00 -1.322e+00 -2.525e+00 -2.802e+00 -3.824e+00 -5.378e+00 -8.358e+00 -1.177e+01 -1.457e+01
-6.600 -9.373 17.422 23.241 0.062 0.368 1.000 -5.779e-01 -3.190e+00 -2.757e+00 -4.151e+00 -2.354e+00 -4.242e-01 -6.689e-01 -1.077e+00 -1.309e+00 -2.505e+00 -2.742e+00 -3.710e+00 -5.208e+00 -8.182e+00 -1.146e+01 -1.436e+01
-6.550 -9.535 17.413 23.126 0.062 0.368 1.000 -5.710e-01 -3.203e+00 -2.774e+00 -4.167e+00 -2.368e+00 -4.320e-01 -6.698e-01 -1.071e+00 -1.296e+00 -2.485e+00 -2.683e+00 -3.597e+00 -5.038e+00 -8.005e+00 -1.124e+01 -1.417e+01
-6.500 -9.355 17.404 23.185 0.062 0.368 1.000 -5.638e-01 -3.218e+00 -2.792e+00 -4.183e+00 -2.384e+00 -4.403e-01 -6.709e-01 -1.065e+00 -1.283e+00 -2.465e+00 -2.625e+00 -3.485e+00 -4.869e+00 -7.829e+00 -1.106e+01 -1.399e+01
-6.450 -9.361 17.394 23.157 0.062 0.368 1.000 -5.565e-01 -3.233e+00 -2.811e+00 -4.201e+00 -2.400e+00 -4.490e-01 -6.722e-01 -1.059e+00 -1.269e+00 -2.444e+00 -2.567e+00 -3.373e+00 -4.701e+00 -7.653e+00 -1.092e+01 -1.379e+01
-6.400 -9.292 17.383 23.094 0.062 0.368 1.000 -5.489e-01 -3.249e+00 -2.830e+00 -4.218e+00 -2.417e+00 -4.582e-01 -6.739e-01 -1.053e+00 -1.256e+00 -2.423e+00 -2.509e+00 -3.263e+00 -4.533e+00 -7.477e+00 -1.071e+01 -1.360e+01
-6.350 -9.304 17.371 23.084 0.062 0.368 1.000 -5.413e-01 -3.266e+00 -2.850e+00 -4.237e+00 -2.434e+00 -4.678e-01 -6.758e-01 -1.047e+00 -1.242e+00 -2.402e+00 -2.453e+00 -3.153e+00 -4.366e+00 -7.302e+00 -1.053e+01 -1.341e+01
-6.300 -9.230 17.359 23.035 0.062 0.368 1.000 -5.334e-01 -3.283e+00 -2.871e+00 -4.256e+00 -2.452e+00 -4.778e-01 -6.780e-01 -1.042e+00 -1.229e+00 -2.381e+00 -2.398e+00 -3.044e+00 -4.199e+00 -7.128e+00 -1.035e+01 -1.322e+01
-6.250 -9.448 17.346 22.932 0.062 0.368 1.000 -5.255e-01 -3.302e+00 -2.893e+00 -4.276e+00 -2.470e+00 -4.883e-01 -6.805e-01 -1.036e+00 -1.215e+00 -2.359e+00 -2.343e+00 -2.937e+00 -4.034e+00 -6.954e+00 -1.017e+01 -1.304e+01
-6.200 -9.228 17.333 22.963 0.062 0.368 1.000 -5.176e-01 -3.320e+00 -2.915e+00 -4.296e+00 -2.489e+00 -4.991e-01 -6.834e-01 -1.031e+00 -1.202e+00 -2.338e+00 -2.291e+00 -2.831e+00 -3.870e+00 -6.782e+00 -9.984e+00 -1.288e+01
-6.150 -9.353 17.319 22.873 0.062 0.368 1.000 -5.096e-01 -3.340e+00 -2.937e+00 -4.317e+00 -2.508e+00 -5.103e-01 -6.866e-01 -1.026e+00 -1.190e+00 -2.318e+00 -2.240e+00 -2.727e+00 -3.707e+00 -6.611e+00 -9.805e+00 -1.265e+01
-6.100 -9.370 17.304 22.819 0.062 0.368 1.000 -5.017e-01 -3.360e+00 -2.960e+00 -4.338e+00 -2.528e+00 -5.219e-01 -6.902e-01 -1.022e+00 -1.177e+00 -2.297e+00 -2.190e+00 -2.625e+00 -3.546e+00 -6.443e+00 -9.630e+00 -1.246e+01
-6.050 -9.254 17.288 22.844 0.062 0.368 1.000 -4.937e-01 -3.381e+00 -2.984e+00 -4.360e+00 -2.548e+00 -5.338e-01 -6.942e-01 -1.018e+00 -1.165e+00 -2.278e+00 -2.143e+00 -2.526e+00 -3.388e+00 -6.276e+00 -9.455e+00 -1.229e+01
-6.000 -9.640 17.271 22.625 0.062 0.368 1.000 -4.859e-01 -3.402e+00 -3.008e+00 -4.381e+00 -2.568e+00 -5.461e-01 -6.986e-01 -1.015e+00 -1.154e+00 -2.258e+00 -2.098e+00 -2.430e+00 -3.231e+00 -6.112e+00 -9.283e+00 -1.210e+01
-5.950 -9.691 17.254 22.489 0.000 0.421 1.000 -4.781e-01 -3.424e+00 -3.032e+00 -4.403e+00 -2.588e+00 -5.586e-01 -7.034e-01 -1.012e+00 -1.143e+00 -2.240e+00 -2.055e+00 -2.336e+00 -3.078e+00 -5.951e+00 -9.115e+00 -1.193e+01
-5.900 -9.091 17.236 22.692 0.062 0.421 1.000 -4.705e-01 -3.446e+00 -3.056e+00 -4.426e+00 -2.608e+00 -5.715e-01 -7.087e-01 -1.009e+00 -1.133e+00 -2.222e+00 -2.014e+00 -2.247e+00 -2.928e+00 -5.793e+00 -8.950e+00 -1.174e+01
-5.850 -9.279 17.218 22.582 0.062 0.421 1.000 -4.631e-01 -3.469e+00 -3.080e+00 -4.448e+00 -2.629e+00 -5.846e-01 -7.143e-01 -1.007e+00 -1.124e+00 -2.206e+00 -1.975e+00 -2.160e+00 -2.782e+00 -5.639e+00 -8.788e+00 -1.159e+01
-5.800 -10.185 17.199 22.558 0.000 0.421 1.000 -4.559e-01 -3.492e+00 -3.105e+00 -4.471e+00 -2.649e+00 -5.979e-01 -7.204e-01 -1.006e+00 -1.116e+00 -2.190e+00 -1.940e+00 -2.078e+00 -2.639e+00 -5.489e+00 -8.630e+00 -1.141e+01
-5.750 -9.640 17.180 22.186 0.062 0.421 1.000 -4.489e-01 -3.515e+00 -3.130e+00 -4.493e+00 -2.670e+00 -6.115e-01 -7.270e-01 -1.006e+00 -1.108e+00 -2.175e+00 -1.906e+00 -2.000e+00 -2.501e+00 -5.344e+00 -8.478e+00 -1.126e+01
-5.700 -9.555 17.160 22.251 0.062 0.421 1.000 -4.421e-01 -3.538e+00 -3.154e+00 -4.516e+00 -2.691e+00 -6.253e-01 -7.340e-01 -1.006e+00 -1.102e+00 -2.162e+00 -1.875e+00 -1.926e+00 -2.367e+00 -5.203e+00 -8.331e+00 -1.110e+01
-5.650 -9.194 17.140 22.325 0.062 0.421 1.000 -4.356e-01 -3.561e+00 -3.179e+00 -4.538e+00 -2.711e+00 -6.393e-01 -7.415e-01 -1.007e+00 -1.096e+00 -2.150e+00 -1.846e+00 -1.856e+00 -2.238e+00 -5.068e+00 -8.189e+00 -1.095e+01
-5.600 -9.038 17.120 22.319 0.062 0.421 1.000 -4.294e-01 -3.584e+00 -3.203e+00 -4.561e+00 -2.732e+00 -6.535e-01 -7.496e-01 -1.009e+00 -1.092e+00 -2.140e+00 -1.820e+00 -1.790e+00 -2.115e+00 -4.939e+00 -8.053e+00 -1.082e+01
-5.550 -10.280 17.101 22.621 0.000 0.421 1.000 -4.236e-01 -3.606e+00 -3.227e+00 -4.582e+00 -2.752e+00 -6.680e-01 -7.582e-01 -1.012e+00 -1.089e+00 -2.131e+00 -1.796e+00 -1.729e+00 -1.997e+00 -4.815e+00 -7.923e+00 -1.068e+01
-5.500 -8.998 17.082 22.116 0.062 0.421 1.000 -4.181e-01 -3.629e+00 -3.250e+00 -4.605e+00 -2.772e+00 -6.827e-01 -7.673e-01 -1.015e+00 -1.087e+00 -2.123e+00 -1.774e+00 -1.672e+00 -1.884e+00 -4.697e+00 -7.800e+00 -1.054e+01
-5.450 -9.466 17.064 21.800 0.062 0.421 1.000 -4.129e-01 -3.652e+00 -3.274e+00 -4.626e+00 -2.792e+00 -6.976e-01 -7.771e-01 -1.020e+00 -1.086e+00 -2.118e+00 -1.755e+00 -1.618e+00 -1.778e+00 -4.585e+00 -7.683e+00 -1.042e+01
-5.400 -9.099 17.046 21.890 0.062 0.421 1.000 -4.081e-01 -3.674e+00 -3.297e+00 -4.647e+00 -2.812e+00 -7.128e-01 -7.875e-01 -1.026e+00 -1.087e+00 -2.114e+00 -1.738e+00 -1.569e+00 -1.677e+00 -4.480e+00 -7.573e+00 -1.031e+01
-5.350 -9.372 17.030 21.596 0.062 0.421 1.000 -4.037e-01 -3.695e+00 -3.319e+00 -4.669e+00 -2.832e+00 -7.282e-01 -7.985e-01 -1.032e+00 -1.089e+00 -2.111e+00 -1.723e+00 -1.523e+00 -1.583e+00 -4.380e+00 -7.469e+00 -1.020e+01
-5.300 -8.928 17.016 21.738 0.062 0.421 1.000 -3.996e-01 -3.716e+00 -3.342e+00 -4.690e+00 -2.852e+00 -7.440e-01 -8.103e-01 -1.040e+00 -1.093e+00 -2.111e+00 -1.711e+00 -1.480e+00 -1.494e+00 -4.288e+00 -7.372e+00 -1.010e+01
-5.250 -9.046 17.003 21.510 0.062 0.421 1.000 -3.959e-01 -3.737e+00 -3.363e+00 -4.711e+00 -2.872e+00 -7.602e-01 -8.227e-01 -1.049e+00 -1.098e+00 -2.112e+00 -1.700e+00 -1.440e+00 -1.411e+00 -4.201e+00 -7.282e+00 -1.001e+01
-5.200 -8.893 16.991 21.419 0.062 0.421 1.000 -3.926e-01 -3.758e+00 -3.385e+00 -4.732e+00 -2.892e+00 -7.767e-01 -8.359e-01 -1.058e+00 -1.104e+00 -2.115e+00 -1.691e+00 -1.403e+00 -1.334e+00 -4.121e+00 -7.198e+00 -9.920e+00
-5.150 -8.842 16.982 21.329 0.062 0.421 1.000 -3.895e-01 -3.779e+00 -3.407e+00 -4.753e+00 -2.912e+00 -7.937e-01 -8.498e-01 -1.069e+00 -1.112e+00 -2.120e+00 -1.684e+00 -1.368e+00 -1.263e+00 -4.047e+00 -7.121e+00 -9.839e+00
-5.100 -9.159 16.974 20.225 0.062 0.421 1.000 -3.867e-01 -3.799e+00 -3.428e+00 -4.773e+00 -2.932e+00 -8.112e-01 -8.645e-01 -1.081e+00 -1.121e+00 -2.126e+00 -1.679e+00 -1.335e+00 -1.198e+00 -3.979e+00 -7.050e+00 -9.765e+00
-5.050 -9.257 16.967 20.451 0.062 0.421 1.000 -3.842e-01 -3.819e+00 -3.449e+00 -4.794e+00 -2.952e+00 -8.291e-01 -8.800e-01 -1.094e+00 -1.132e+00 -2.134e+00 -1.674e+00 -1.304e+00 -1.138e+00 -3.916e+00 -6.985e+00 -9.697e+00
-5.000 -8.766 16.962 20.955 0.062 0.421 1.000 -3.819e-01 -3.839e+00 -3.471e+00 -4.816e+00 -2.973e+00 -8.476e-01 -8.960e-01 -1.108e+00 -1.143e+00 -2.143e+00 -1.671e+00 -1.276e+00 -1.083e+00 -3.859e+00 -6.925e+00 -9.635e+00
-4.950 -8.765 16.957 20.624 0.062 0.421 1.000 -3.796e-01 -3.859e+00 -3.493e+00 -4.837e+00 -2.994e+00 -8.665e-01 -9.128e-01 -1.122e+00 -1.155e+00 -2.153e+00 -1.669e+00 -1.249e+00 -1.033e+00 -3.807e+00 -6.871e+00 -9.579e+00
-4.900 -8.794 16.953 20.559 0.062 0.421 1.000 -3.775e-01 -3.880e+00 -3.514e+00 -4.858e+00 -3.016e+00 -8.859e-01 -9.300e-01 -1.137e+00 -1.168e+00 -2.164e+00 -1.667e+00 -1.224e+00 -9.877e-01 -3.759e+00 -6.822e+00 -9.527e+00
-4.850 -8.804 16.949 20.102 0.062 0.421 1.000 -3.755e-01 -3.901e+00 -3.536e+00 -4.880e+00 -3.038e+00 -9.056e-01 -9.477e-01 -1.153e+00 -1.182e+00 -2.176e+00 -1.666e+00 -1.201e+00 -9.472e-01 -3.717e+00 -6.777e+00 -9.481e+00
-4.800 -9.245 16.945 20.860 0.062 0.421 1.000 -3.734e-01 -3.922e+00 -3.559e+00 -4.902e+00 -3.059e+00 -9.255e-01 -9.656e-01 -1.169e+00 -1.196e+00 -2.188e+00 -1.665e+00 -1.181e+00 -9.109e-01 -3.678e+00 -6.737e+00 -9.438e+00
-4.750 -9.231 16.940 20.773 0.062 0.421 1.000 -3.714e-01 -3.943e+00 -3.581e+00 -4.924e+00 -3.082e+00 -9.456e-01 -9.836e-01 -1.185e+00 -1.210e+00 -2.199e+00 -1.665e+00 -1.162e+00 -8.786e-01 -3.644e+00 -6.700e+00 -9.400e+00
-4.700 -8.648 16.935 20.708 0.062 0.421 1.000 -3.693e-01 -3.964e+00 -3.603e+00 -4.947e+00 -3.104e+00 -9.655e-01 -1.001e+00 -1.201e+00 -1.223e+00 -2.211e+00 -1.665e+00 -1.145e+00 -8.501e-01 -3.614e+00 -6.667e+00 -9.365e+00
-4.650 -9.543 16.928 21.303 0.062 0.421 1.000 -3.672e-01 -3.985e+00 -3.625e+00 -4.968e+00 -3.125e+00 -9.851e-01 -1.019e+00 -1.216e+00 -1.237e+00 -2.222e+00 -1.665e+00 -1.130e+00 -8.251e-01 -3.586e+00 -6.638e+00 -9.334e+00
-4.600 -9.719 16.921 21.449 0.000 0.421 1.000 -3.651e-01 -4.006e+00 -3.647e+00 -4.989e+00 -3.147e+00 -1.004e+00 -1.036e+00 -1.231e+00 -1.249e+00 -2.233e+00 -1.665e+00 -1.117e+00 -8.034e-01 -3.563e+00 -6.612e+00 -9.306e+00
-4.550 -8.492 16.912 20.695 0.062 0.421 1.000 -3.630e-01 -4.026e+00 -3.668e+00 -5.010e+00 -3.167e+00 -1.022e+00 -1.052e+00 -1.245e+00 -1.261e+00 -2.243e+00 -1.665e+00 -1.106e+00 -7.847e-01 -3.542e+00 -6.589e+00 -9.280e+00
-4.500 -9.129 16.903 19.627 0.062 0.421 1.000 -3.609e-01 -4.045e+00 -3.688e+00 -5.029e+00 -3.186e+00 -1.040e+00 -1.067e+00 -1.258e+00 -1.272e+00 -2.251e+00 -1.666e+00 -1.097e+00 -7.687e-01 -3.524e+00 -6.569e+00 -9.258e+00
-4.450 -9.337 16.893 20.370 0.062 0.421 1.000 -3.589e-01 -4.063e+00 -3.707e+00 -5.048e+00 -3.204e+00 -1.056e+00 -1.081e+00 -1.270e+00 -1.282e+00 -2.259e+00 -1.666e+00 -1.089e+00 -7.552e-01 -3.508e+00 -6.552e+00 -9.239e+00
-4.400 -7.769 16.897 20.514 0.000 0.789 1.000 -3.589e-01 -4.143e+00 -3.769e+00 -5.101e+00 -3.219e+00 -1.063e+00 -1.088e+00 -1.277e+00 -1.290e+00 -2.267e+00 -1.671e+00 -1.088e+00 -7.438e-01 -3.497e+00 -6.540e+00 -9.227e+00
-4.350 -7.422 16.905 20.641 0.000 0.842 1.000 -3.596e-01 -4.149e+00 -3.771e+00 -5.107e+00 -3.222e+00 -1.066e+00 -1.092e+00 -1.282e+00 -1.295e+00 -2.276e+00 -1.667e+00 -1.082e+00 -7.383e-01 -3.492e+00 -6.536e+00 -9.224e+00
-4.300 -7.615 16.909 20.517 0.000 0.895 1.000 -3.598e-01 -4.148e+00 -3.773e+00 -5.108e+00 -3.226e+00 -1.071e+00 -1.097e+00 -1.287e+00 -1.301e+00 -2.282e+00 -1.673e+00 -1.076e+00 -7.326e-01 -3.487e+00 -6.531e+00 -9.219e+00
-4.250 -7.267 16.908 19.932 0.000 0.895 1.000 -3.595e-01 -4.153e+00 -3.775e+00 -5.114e+00 -3.230e+00 -1.075e+00 -1.101e+00 -1.290e+00 -1.304e+00 -2.282e+00 -1.671e+00 -1.073e+00 -7.294e-01 -3.483e+00 -6.527e+00 -9.215e+00
-4.200 -8.280 16.905 20.807 0.000 0.895 1.000 -3.589e-01 -4.145e+00 -3.777e+00 -5.109e+00 -3.233e+00 -1.078e+00 -1.104e+00 -1.293e+00 -1.305e+00 -2.283e+00 -1.671e+00 -1.072e+00 -7.276e-01 -3.481e+00 -6.524e+00 -9.211e+00
-4.150 -5.529 16.903 17.689 0.000 1.000 1.000 -3.586e-01 -4.147e+00 -3.777e+00 -5.101e+00 -3.233e+00 -1.080e+00 -1.105e+00 -1.294e+00 -1.306e+00 -2.283e+00 -1.671e+00 -1.071e+00 -7.268e-01 -3.479e+00 -6.523e+00 -9.210e+00
-4.100 -5.100 16.903 16.988 0.000 1.000 1.000 -3.586e-01 -4.146e+00 -3.777e+00 -5.101e+00 -3.233e+00 -1.080e+00 -1.105e+00 -1.294e+00 -1.306e+00 -2.283e+00 -1.671e+00 -1.071e+00 -7.268e-01 -3.479e+00 -6.523e+00 -9.210e+00
-4.050 -5.456 16.903 17.415 0.000 1.000 1.000 -3.586e-01 -4.146e+00 -3.776e+00 -5.100e+00 -3.233e+00 -1.080e+00 -1.105e+00 -1.294e+00 -1.306e+00 -2.283e+00 -1.671e+00 -1.071e+00 -7.267e-01 -3.479e+00 -6.523e+00 -9.209e+00
-4.000 -6.118 16.903 17.993 0.000 1.000 1.000 -3.586e-01 -4.146e+00 -3.776e+00 -5.100e+00 -3.233e+00 -1.080e+00 -1.105e+00 -1.294e+00 -1.306e+00 -2.283e+00 -1.671e+00 -1.071e+00 -7.267e-01 -3.479e+00 -6.523e+00 -9.209e+00
-3.950 -5.811 16.903 17.631 0.000 1.000 1.000 -3.586e-01 -4.146e+00 -3.776e+00 -5.100e+00 -3.233e+00 -1.080e+00 -1.105e+00 -1.294e+00 -1.306e+00 -2.283e+00 -1.671e+00 -1.071e+00 -7.267e-01 -3.479e+00 -6.523e+00 -9.209e+00
-3.900 -5.240 16.903 17.061 0.000 1.000 1.000 -3.586e-01 -4.146e+00 -3.776e+00 -5.100e+00 -3.233e+00 -1.080e+00 -1.105e+00 -1.294e+00 -1.306e+00 -2.283e+00 -1.671e+00 -1.071e+00 -7.267e-01 -3.479e+00 -6.523e+00 -9.209e+00
-3.850 -4.850 16.903 16.545 0.000 1.000 1.000 -3.586e-01 -4.146e+00 -3.776e+00 -5.100e+00 -3.233e+00 -1.080e+00 -1.105e+00 -1.294e+00 -1.306e+00 -2.283e+00 -1.671e+00 -1.071e+00 -7.267e-01 -3.479e+00 -6.523e+00 -9.209e+00
-3.800 -5.206 16.903 17.047 0.000 1.000 1.000 -3.586e-01 -4.146e+00 -3.776e+00 -5.100e+00 -3.233e+00 -1.080e+00 -1.105e+00 -1.294e+00 -1.306e+00 -2.283e+00 -1.671e+00 -1.071e+00 -7.267e-01 -3.479e+00 -6.523e+00 -9.209e+00
-3.750 -5.868 16.903 17.729 0.000 1.000 1.000 -3.586e-01 -4.146e+00 -3.776e+00 -5.100e+00 -3.233e+00 -1.080e+00 -1.105e+00 -1.294e+00 -1.306e+00 -2.283e+00 -1.671e+00 -1.071e+00 -7.266e-01 -3.479e+00 -6.523e+00 -9.209e+00
-3.700 -5.561 16.903 17.459 0.000 1.000 1.000 -3.586e-01 -4.146e+00 -3.776e+00 -5.100e+00 -3.233e+00 -1.080e+00 -1.105e+00 -1.294e+00 -1.306e+00 -2.283e+00 -1.671e+00 -1.071e+00 -7.266e-01 -3.479e+00 -6.522e+00 -9.209e+00
-3.650 -4.990 16.903 16.917 0.000 1.000 1.000 -3.586e-01 -4.146e+00 -3.776e+00 -5.100e+00 -3.233e+00 -1.080e+00 -1.105e+00 -1.294e+00 -1.306e+00 -2.283e+00 -1.671e+00 -1.071e+00 -7.266e-01 -3.479e+00 -6.522e+00 -9.209e+00
-3.600 -4.600 16.903 16.408 0.000 1.000 1.000 -3.586e-01 -4.146e+00 -3.776e+00 -5.100e+00 -3.233e+00 -1.080e+00 -1.106e+00 -1.294e+00 -1.306e+00 -2.283e+00 -1.671e+00 -1.071e+00 -7.266e-01 -3.479e+00 -6.522e+00 -9.209e+00
-3.550 -4.956 16.903 16.911 0.000 1.000 1.000 -3.586e-01 -4.146e+00 -3.777e+00 -5.100e+00 -3.233e+00 -1.080e+00 -1.106e+00 -1.294e+00 -1.306e+00 -2.283e+00 -1.671e+00 -1.071e+00 -7.266e-01 -3.479e+00 -6.522e+00 -9.209e+00
-3.500 -5.618 16.903 17.593 0.000 1.000 1.000 -3.586e-01 -4.146e+00 -3.777e+00 -5.101e+00 -3.233e+00 -1.080e+00 -1.106e+00 -1.294e+00 -1.306e+00 -2.283e+00 -1.671e+00 -1.071e+00 -7.266e-01 -3.479e+00 -6.522e+00 -9.209e+00
-3.450 -5.311 16.903 17.316 0.000 1.000 1.000 -3.586e-01 -4.146e+00 -3.777e+00 -5.101e+00 -3.233e+00 -1.080e+00 -1.106e+00 -1.294e+00 -1.306e+00 -2.283e+00 -1.671e+00 -1.071e+00 -7.265e-01 -3.479e+00 -6.522e+00 -9.209e+00
-3.400 -4.740 16.903 16.767 0.000 1.000 1.000 -3.586e-01 -4.146e+00 -3.777e+00 -5.101e+00 -3.233e+00 -1.080e+00 -1.106e+00 -1.294e+00 -1.306e+00 -2.283e+00 -1.671e+00 -1.071e+00 -7.265e-01 -3.479e+00 -6.522e+00 -9.209e+00
-3.350 -4.350 16.903 16.253 0.000 1.000 1.000 -3.586e-01 -4.146e+00 -3.777e+00 -5.101e+00 -3.233e+00 -1.080e+00 -1.106e+00 -1.294e+00 -1.306e+00 -2.283e+00 -1.671e+00 -1.071e+00 -7.265e-01 -3.479e+00 -6.522e+00 -9.209e+00
-3.300 -4.706 16.903 16.753 0.000 1.000 1.000 -3.586e-01 -4.146e+00 -3.777e+00 -5.101e+00 -3.233e+00 -1.080e+00 -1.106e+00 -1.294e+00 -1.306e+00 -2.283e+00 -1.671e+00 -1.071e+00 -7.265e-01 -3.479e+00 -6.522e+00 -9.209e+00
-3.250 -5.368 16.903 17.429 0.000 1.000 1.000 -3.586e-01 -4.146e+00 -3.777e+00 -5.101e+00 -3.233e+00 -1.080e+00 -1.106e+00 -1.294e+00 -1.306e+00 -2.283e+00 -1.671e+00 -1.071e+00 -7.265e-01 -3.479e+00 -6.522e+00 -9.209e+00
-3.200 -5.061 16.903 17.144 0.000 1.000 1.000 -3.586e-01 -4.146e+00 -3.777e+00 -5.101e+00 -3.233e+00 -1.080e+00 -1.106e+00 -1.294e+00 -1.306e+00 -2.283e+00 -1.671e+00 -1.071e+00 -7.265e-01 -3.479e+00 -6.522e+00 -9.209e+00
-3.150 -4.490 16.903 16.590 0.000 1.000 1.000 -3.586e-01 -4.146e+00 -3.777e+00 -5.101e+00 -3.233e+00 -1.081e+00 -1.106e+00 -1.294e+00 -1.306e+00 -2.283e+00 -1.671e+00 -1.071e+00 -7.265e-01 -3.479e+00 -6.522e+00 -9.209e+00
-3.100 -4.100 16.903 16.073 0.000 1.000 1.000 -3.586e-01 -4.146e+00 -3.777e+00 -5.101e+00 -3.233e+00 -1.081e+00 -1.106e+00 -1.294e+00 -1.306e+00 -2.283e+00 -1.671e+00 -1.071e+00 -7.265e-01 -3.479e+00 -6.522e+00 -9.209e+00
-3.050 -4.456 16.903 16.571 0.000 1.000 1.000 -3.586e-01 -4.146e+00 -3.777e+00 -5.101e+00 -3.233e+00 -1.081e+00 -1.106e+00 -1.294e+00 -1.306e+00 -2.283e+00 -1.671e+00 -1.071e+00 -7.265e-01 -3.479e+00 -6.522e+00 -9.209e+00
-3.000 -5.118 16.903 17.243 0.000 1.000 1.000 -3.586e-01 -4.146e+00 -3.777e+00 -5.101e+00 -3.233e+00 -1.081e+00 -1.106e+00 -1.294e+00 -1.306e+00 -2.283e+00 -1.671e+00 -1.071e+00 -7.264e-01 -3.479e+00 -6.522e+00 -9.209e+00
-2.950 -4.811 16.903 16.953 0.000 1.000 1.000 -3.586e-01 -4.146e+00 -3.777e+00 -5.101e+00 -3.233e+00 -1.081e+00 -1.106e+00 -1.294e+00 -1.306e+00 -2.283e+00 -1.671e+00 -1.071e+00 -7.264e-01 -3.479e+00 -6.522e+00 -9.209e+00
-2.900 -4.240 16.903 16.394 0.000 1.000 1.000 -3.586e-01 -4.146e+00 -3.777e+00 -5.101e+00 -3.233e+00 -1.081e+00 -1.106e+00 -1.294e+00 -1.306e+00 -2.283e+00 -1.671e+00 -1.071e+00 -7.264e-01 -3.479e+00 -6.522e+00 -9.209e+00
-2.850 -3.850 16.903 15.876 0.000 1.000 1.000 -3.586e-01 -4.146e+00 -3.777e+00 -5.101e+00 -3.233e+00 -1.081e+00 -1.106e+00 -1.294e+00 -1.306e+00 -2.283e+00 -1.671e+00 -1.071e+00 -7.264e-01 -3.479e+00 -6.522e+00 -9.209e+00
-2.800 -4.206 16.903 16.371 0.000 1.000 1.000 -3.586e-01 -4.146e+00 -3.777e+00 -5.101e+00 -3.233e+00 -1.081e+00 -1.106e+00 -1.294e+00 -1.306e+00 -2.283e+00 -1.671e+00 -1.071e+00 -7.264e-01 -3.479e+00 -6.522e+00 -9.209e+00
-2.750 -4.868 16.903 17.041 0.000 1.000 1.000 -3.585e-01 -4.146e+00 -3.777e+00 -5.101e+00 -3.233e+00 -1.081e+00 -1.106e+00 -1.294e+00 -1.306e+00 -2.283e+00 -1.671e+00 -1.071e+00 -7.264e-01 -3.479e+00 -6.522e+00 -9.209e+00
-2.700 -4.561 16.902 16.747 0.000 1.000 1.000 -3.585e-01 -4.146e+00 -3.777e+00 -5.101e+00 -3.233e+00 -1.081e+00 -1.106e+00 -1.294e+00 -1.306e+00 -2.283e+00 -1.671e+00 -1.071e+00 -7.264e-01 -3.479e+00 -6.522e+00 -9.209e+00
-2.650 -3.990 16.902 16.186 0.000 1.000 1.000 -3.585e-01 -4.146e+00 -3.777e+00 -5.101e+00 -3.233e+00 -1.081e+00 -1.106e+00 -1.294e+00 -1.306e+00 -2.283e+00 -1.671e+00 -1.071e+00 -7.263e-01 -3.479e+00 -6.522e+00 -9.209e+00
-2.600 -3.600 16.902 15.666 0.000 1.000 1.000 -3.585e-01 -4.146e+00 -3.777e+00 -5.101e+00 -3.233e+00 -1.081e+00 -1.106e+00 -1.294e+00 -1.306e+00 -2.283e+00 -1.671e+00 -1.071e+00 -7.263e-01 -3.479e+00 -6.522e+00 -9.209e+00
-2.550 -3.956 16.902 16.161 0.000 1.000 1.000 -3.585e-01 -4.146e+00 -3.777e+00 -5.101e+00 -3.233e+00 -1.081e+00 -1.106e+00 -1.294e+00 -1.306e+00 -2.283e+00 -1.671e+00 -1.071e+00 -7.263e-01 -3.479e+00 -6.522e+00 -9.209e+00
-2.500 -4.618 16.902 16.829 0.000 1.000 1.000 -3.585e-01 -4.146e+00 -3.777e+00 -5.101e+00 -3.233e+00 -1.081e+00 -1.106e+00 -1.294e+00 -1.306e+00 -2.283e+00 -1.671e+00 -1.071e+00 -7.263e-01 -3.479e+00 -6.522e+00 -9.209e+00
-2.450 -4.311 16.902 16.532 0.000 1.000 1.000 -3.585e-01 -4.146e+00 -3.777e+00 -5.101e+00 -3.233e+00 -1.081e+00 -1.106e+00 -1.294e+00 -1.306e+00 -2.283e+00 -1.671e+00 -1.071e+00 -7.263e-01 -3.479e+00 -6.522e+00 -9.209e+00
-2.400 -3.740 16.902 15.969 0.000 1.000 1.000 -3.585e-01 -4.146e+00 -3.777e+00 -5.101e+00 -3.233e+00 -1.081e+00 -1.106e+00 -1.294e+00 -1.306e+00 -2.283e+00 -1.671e+00 -1.071e+00 -7.263e-01 -3.479e+00 -6.522e+00 -9.209e+00
-2.350 -3.350 16.902 15.448 0.000 1.000 1.000 -3.585e-01 -4.146e+00 -3.777e+00 -5.101e+00 -3.233e+00 -1.081e+00 -1.106e+00 -1.294e+00 -1.306e+00 -2.283e+00 -1.671e+00 -1.071e+00 -7.263e-01 -3.479e+00 -6.522e+00 -9.209e+00
-2.300 -3.706 16.902 15.942 0.000 1.000 1.000 -3.585e-01 -4.146e+00 -3.777e+00 -5.101e+00 -3.233e+00 -1.081e+00 -1.106e+00 -1.294e+00 -1.306e+00 -2.283e+00 -1.671e+00 -1.071e+00 -7.263e-01 -3.479e+00 -6.522e+00 -9.209e+00
-2.250 -4.368 16.902 16.609 0.000 1.000 1.000 -3.585e-01 -4.146e+00 -3.777e+00 -5.101e+00 -3.233e+00 -1.081e+00 -1.106e+00 -1.294e+00 -1.306e+00 -2.283e+00 -1.671e+00 -1.071e+00 -7.263e-01 -3.479e+00 -6.522e+00 -9.209e+00
-2.200 -4.061 16.902 16.310 0.000 1.000 1.000 -3.585e-01 -4.146e+00 -3.777e+00 -5.101e+00 -3.234e+00 -1.081e+00 -1.106e+00 -1.294e+00 -1.306e+00 -2.283e+00 -1.671e+00 -1.071e+00 -7.263e-01 -3.479e+00 -6.522e+00 -9.209e+00
-2.150 -3.490 16.902 15.745 0.000 1.000 1.000 -3.585e-01 -4.146e+00 -3.777e+00 -5.101e+00 -3.234e+00 -1.081e+00 -1.106e+00 -1.294e+00 -1.306e+00 -2.283e+00 -1.671e+00 -1.071e+00 -7.262e-01 -3.479e+00 -6.522e+00 -9.209e+00
-2.100 -3.100 16.902 15.224 0.000 1.000 1.000 -3.585e-01 -4.146e+00 -3.777e+00 -5.101e+00 -3.234e+00 -1.081e+00 -1.106e+00 -1.294e+00 -1.306e+00 -2.283e+00 -1.671e+00 -1.071e+00 -7.262e-01 -3.479e+00 -6.522e+00 -9.209e+00
-2.050 -3.456 16.902 15.717 0.000 1.000 1.000 -3.585e-01 -4.146e+00 -3.777e+00 -5.101e+00 -3.234e+00 -1.081e+00 -1.106e+00 -1.294e+00 -1.306e+00 -2.283e+00 -1.671e+00 -1.071e+00 -7.262e-01 -3.479e+00 -6.522e+00 -9.209e+00
-2.000 -4.118 16.902 16.383 0.000 1.000 1.000 -3.585e-01 -4.146e+00 -3.777e+00 -5.101e+00 -3.234e+00 -1.081e+00 -1.106e+00 -1.294e+00 -1.306e+00 -2.283e+00 -1.671e+00 -1.071e+00 -7.262e-01 -3.479e+00 -6.522e+00 -9.209e+00
