# All quantities actual values (not log10) 
#
# time(s)    dt(s)      dE(erg)  E(erg/g/s)    T(K)    rho(g/cm^3) 2/Rmax(s)
1.0654e+07 9.6668e+05 7.6415e+02 8.1416e+09 2.0000e+07 2.0000e+01 1.8697e+02
1.1350e+07 1.1350e+06 7.6413e+02 8.6737e+09 2.0000e+07 2.0000e+01 1.8697e+02
1.2092e+07 1.2092e+06 7.6412e+02 9.2407e+09 2.0000e+07 2.0000e+01 1.8697e+02
1.2882e+07 1.2882e+06 7.6411e+02 9.8446e+09 2.0000e+07 2.0000e+01 1.8697e+02
1.3725e+07 1.3725e+06 7.6410e+02 1.0488e+10 2.0000e+07 2.0000e+01 1.8697e+02
1.4622e+07 1.4622e+06 7.6408e+02 1.1174e+10 2.0000e+07 2.0000e+01 1.8697e+02
1.5578e+07 1.5578e+06 7.6407e+02 1.1904e+10 2.0000e+07 2.0000e+01 1.8697e+02
1.6596e+07 1.6596e+06 7.6405e+02 1.2682e+10 2.0000e+07 2.0000e+01 1.8697e+02
1.7681e+07 1.7681e+06 7.6404e+02 1.3511e+10 2.0000e+07 2.0000e+01 1.8697e+02
1.8836e+07 1.8836e+06 7.6402e+02 1.4394e+10 2.0000e+07 2.0000e+01 1.8697e+02
2.0068e+07 2.0068e+06 7.6400e+02 1.5335e+10 2.0000e+07 2.0000e+01 1.8697e+02
2.1380e+07 2.1380e+06 7.6398e+02 1.6337e+10 2.0000e+07 2.0000e+01 1.8697e+02
2.2777e+07 2.2777e+06 7.6396e+02 1.7404e+10 2.0000e+07 2.0000e+01 1.8697e+02
2.4266e+07 2.4266e+06 7.6394e+02 1.8542e+10 2.0000e+07 2.0000e+01 1.8697e+02
2.5852e+07 2.5852e+06 7.6392e+02 1.9754e+10 2.0000e+07 2.0000e+01 1.8697e+02
2.7542e+07 2.7542e+06 7.6389e+02 2.1045e+10 2.0000e+07 2.0000e+01 1.8697e+02
2.9343e+07 2.9343e+06 7.6386e+02 2.2420e+10 2.0000e+07 2.0000e+01 1.8697e+02
3.1261e+07 3.1261e+06 7.6383e+02 2.3885e+10 2.0000e+07 2.0000e+01 1.8697e+02
3.3304e+07 3.3304e+06 7.6380e+02 2.5446e+10 2.0000e+07 2.0000e+01 1.8697e+02
3.5481e+07 3.5481e+06 7.6377e+02 2.7109e+10 2.0000e+07 2.0000e+01 1.8697e+02
3.7801e+07 3.7801e+06 7.6373e+02 2.8880e+10 2.0000e+07 2.0000e+01 1.8697e+02
4.0272e+07 4.0272e+06 7.6369e+02 3.0767e+10 2.0000e+07 2.0000e+01 1.8697e+02
4.2904e+07 4.2904e+06 7.6366e+02 3.2777e+10 2.0000e+07 2.0000e+01 1.8697e+02
4.5709e+07 4.5709e+06 7.6361e+02 3.4919e+10 2.0000e+07 2.0000e+01 1.8697e+02
4.8697e+07 4.8697e+06 7.6357e+02 3.7200e+10 2.0000e+07 2.0000e+01 1.8697e+02
5.1880e+07 5.1880e+06 7.6352e+02 3.9631e+10 2.0000e+07 2.0000e+01 1.8697e+02
5.5271e+07 5.5271e+06 7.6347e+02 4.2220e+10 2.0000e+07 2.0000e+01 1.8697e+02
5.8884e+07 5.8884e+06 7.6341e+02 4.4978e+10 2.0000e+07 2.0000e+01 1.8697e+02
6.2734e+07 6.2734e+06 7.6336e+02 4.7917e+10 2.0000e+07 2.0000e+01 1.8697e+02
6.6834e+07 6.6834e+06 7.6329e+02 5.1047e+10 2.0000e+07 2.0000e+01 1.8697e+02
7.1203e+07 7.1203e+06 7.6323e+02 5.4381e+10 2.0000e+07 2.0000e+01 1.8697e+02
7.5858e+07 7.5858e+06 7.6315e+02 5.7933e+10 2.0000e+07 2.0000e+01 1.8697e+02
8.0816e+07 8.0816e+06 7.6308e+02 6.1717e+10 2.0000e+07 2.0000e+01 1.8697e+02
8.6099e+07 8.6099e+06 7.6300e+02 6.5748e+10 2.0000e+07 2.0000e+01 1.8697e+02
9.1728e+07 9.1728e+06 7.6292e+02 7.0042e+10 2.0000e+07 2.0000e+01 1.8697e+02
9.7724e+07 9.7724e+06 7.6282e+02 7.4616e+10 2.0000e+07 2.0000e+01 1.8697e+02
1.0411e+08 1.0411e+07 7.6273e+02 7.9488e+10 2.0000e+07 2.0000e+01 1.8697e+02
1.1092e+08 1.1092e+07 7.6263e+02 8.4678e+10 2.0000e+07 2.0000e+01 1.8697e+02
1.1817e+08 1.1817e+07 7.6252e+02 9.0207e+10 2.0000e+07 2.0000e+01 1.8697e+02
1.2589e+08 1.2589e+07 7.6240e+02 9.6096e+10 2.0000e+07 2.0000e+01 1.8697e+02
1.3412e+08 1.3412e+07 7.6228e+02 1.0237e+11 2.0000e+07 2.0000e+01 1.8697e+02
1.4289e+08 1.4289e+07 7.6214e+02 1.0905e+11 2.0000e+07 2.0000e+01 1.8697e+02
1.5223e+08 1.5223e+07 7.6201e+02 1.1617e+11 2.0000e+07 2.0000e+01 1.8697e+02
1.6218e+08 1.6218e+07 7.6185e+02 1.2375e+11 2.0000e+07 2.0000e+01 1.8697e+02
1.7278e+08 1.7278e+07 7.6170e+02 1.3183e+11 2.0000e+07 2.0000e+01 1.8697e+02
1.8408e+08 1.8408e+07 7.6153e+02 1.4043e+11 2.0000e+07 2.0000e+01 1.8697e+02
1.9611e+08 1.9611e+07 7.6135e+02 1.4959e+11 2.0000e+07 2.0000e+01 1.8697e+02
2.0893e+08 2.0893e+07 7.6116e+02 1.5935e+11 2.0000e+07 2.0000e+01 1.8697e+02
2.2259e+08 2.2259e+07 7.6095e+02 1.6974e+11 2.0000e+07 2.0000e+01 1.8697e+02
2.3714e+08 2.3714e+07 7.6074e+02 1.8081e+11 2.0000e+07 2.0000e+01 1.8697e+02
2.5264e+08 2.5264e+07 7.6051e+02 1.9260e+11 2.0000e+07 2.0000e+01 1.8697e+02
2.6915e+08 2.6915e+07 7.6026e+02 2.0515e+11 2.0000e+07 2.0000e+01 1.8697e+02
2.8675e+08 2.8675e+07 7.6000e+02 2.1852e+11 2.0000e+07 2.0000e+01 1.8697e+02
3.0549e+08 3.0549e+07 7.5972e+02 2.3276e+11 2.0000e+07 2.0000e+01 1.8697e+02
3.2546e+08 3.2546e+07 7.5943e+02 2.4793e+11 2.0000e+07 2.0000e+01 1.8697e+02
3.4674e+08 3.4674e+07 7.5912e+02 2.6408e+11 2.0000e+07 2.0000e+01 1.8697e+02
3.6940e+08 3.6940e+07 7.5879e+02 2.8128e+11 2.0000e+07 2.0000e+01 1.8697e+02
3.9355e+08 3.9355e+07 7.5843e+02 2.9959e+11 2.0000e+07 2.0000e+01 1.8697e+02
4.1928e+08 4.1928e+07 7.5806e+02 3.1909e+11 2.0000e+07 2.0000e+01 1.8697e+02
4.4668e+08 4.4668e+07 7.5766e+02 3.3986e+11 2.0000e+07 2.0000e+01 1.8697e+02
4.7588e+08 4.7588e+07 7.5724e+02 3.6197e+11 2.0000e+07 2.0000e+01 1.8697e+02
5.0699e+08 5.0699e+07 7.5679e+02 3.8551e+11 2.0000e+07 2.0000e+01 1.8697e+02
5.4013e+08 5.4013e+07 7.5632e+02 4.1058e+11 2.0000e+07 2.0000e+01 1.8697e+02
5.7544e+08 5.7544e+07 7.5581e+02 4.3726e+11 2.0000e+07 2.0000e+01 1.8697e+02
6.1306e+08 6.1306e+07 7.5527e+02 4.6567e+11 2.0000e+07 2.0000e+01 1.8697e+02
6.5313e+08 6.5313e+07 7.5470e+02 4.9592e+11 2.0000e+07 2.0000e+01 1.8697e+02
6.9582e+08 6.9582e+07 7.5410e+02 5.2812e+11 2.0000e+07 2.0000e+01 1.8697e+02
7.4131e+08 7.4131e+07 7.5346e+02 5.6239e+11 2.0000e+07 2.0000e+01 1.8697e+02
7.8977e+08 7.8977e+07 7.5279e+02 5.9887e+11 2.0000e+07 2.0000e+01 1.8697e+02
8.4140e+08 8.4140e+07 7.5207e+02 6.3769e+11 2.0000e+07 2.0000e+01 1.8697e+02
8.9640e+08 8.9640e+07 7.5131e+02 6.7902e+11 2.0000e+07 2.0000e+01 1.8697e+02
9.5499e+08 9.5499e+07 7.5051e+02 7.2299e+11 2.0000e+07 2.0000e+01 1.8697e+02
1.0174e+09 1.0174e+08 7.4966e+02 7.6979e+11 2.0000e+07 2.0000e+01 1.8697e+02
1.0839e+09 1.0839e+08 7.4876e+02 8.1959e+11 2.0000e+07 2.0000e+01 1.8697e+02
1.1548e+09 1.1548e+08 7.4781e+02 8.7258e+11 2.0000e+07 2.0000e+01 1.8697e+02
1.2303e+09 1.2303e+08 7.4681e+02 9.2895e+11 2.0000e+07 2.0000e+01 1.8697e+02
1.3107e+09 1.3107e+08 7.4576e+02 9.8892e+11 2.0000e+07 2.0000e+01 1.8697e+02
1.3964e+09 1.3964e+08 7.4464e+02 1.0527e+12 2.0000e+07 2.0000e+01 1.8697e+02
1.4876e+09 1.4876e+08 7.4346e+02 1.1206e+12 2.0000e+07 2.0000e+01 1.8697e+02
1.5849e+09 1.5849e+08 7.4222e+02 1.1928e+12 2.0000e+07 2.0000e+01 1.8697e+02
1.6885e+09 1.6885e+08 7.4092e+02 1.2695e+12 2.0000e+07 2.0000e+01 1.8697e+02
1.7989e+09 1.7989e+08 7.3955e+02 1.3512e+12 2.0000e+07 2.0000e+01 1.8697e+02
1.9165e+09 1.9165e+08 7.3811e+02 1.4379e+12 2.0000e+07 2.0000e+01 1.8697e+02
2.0417e+09 2.0417e+08 7.3659e+02 1.5302e+12 2.0000e+07 2.0000e+01 1.8697e+02
2.1752e+09 2.1752e+08 7.3500e+02 1.6283e+12 2.0000e+07 2.0000e+01 1.8697e+02
2.3174e+09 2.3174e+08 7.3334e+02 1.7326e+12 2.0000e+07 2.0000e+01 1.8697e+02
2.4689e+09 2.4689e+08 7.3160e+02 1.8434e+12 2.0000e+07 2.0000e+01 1.8697e+02
2.6303e+09 2.6303e+08 7.2977e+02 1.9612e+12 2.0000e+07 2.0000e+01 1.8697e+02
2.8022e+09 2.8022e+08 7.2787e+02 2.0863e+12 2.0000e+07 2.0000e+01 1.8697e+02
2.9854e+09 2.9854e+08 7.2589e+02 2.2193e+12 2.0000e+07 2.0000e+01 1.8697e+02
3.1805e+09 3.1805e+08 7.2383e+02 2.3606e+12 2.0000e+07 2.0000e+01 1.8697e+02
3.3884e+09 3.3884e+08 7.2168e+02 2.5106e+12 2.0000e+07 2.0000e+01 1.8697e+02
3.6099e+09 3.6099e+08 7.1946e+02 2.6700e+12 2.0000e+07 2.0000e+01 1.8697e+02
3.8459e+09 3.8459e+08 7.1715e+02 2.8392e+12 2.0000e+07 2.0000e+01 1.8697e+02
4.0973e+09 4.0973e+08 7.1477e+02 3.0189e+12 2.0000e+07 2.0000e+01 1.8697e+02
4.3652e+09 4.3652e+08 7.1230e+02 3.2097e+12 2.0000e+07 2.0000e+01 1.8697e+02
4.6505e+09 4.6505e+08 7.0978e+02 3.4122e+12 2.0000e+07 2.0000e+01 1.8697e+02
4.9545e+09 4.9545e+08 7.0717e+02 3.6272e+12 2.0000e+07 2.0000e+01 1.8697e+02
5.2784e+09 5.2784e+08 7.0451e+02 3.8554e+12 2.0000e+07 2.0000e+01 1.8697e+02
5.6234e+09 5.6234e+08 7.0179e+02 4.0975e+12 2.0000e+07 2.0000e+01 1.8697e+02
5.9910e+09 5.9910e+08 6.9903e+02 4.3545e+12 2.0000e+07 2.0000e+01 1.8697e+02
6.3826e+09 6.3826e+08 6.9622e+02 4.6271e+12 2.0000e+07 2.0000e+01 1.8697e+02
6.7999e+09 6.7999e+08 6.9339e+02 4.9164e+12 2.0000e+07 2.0000e+01 1.8697e+02
7.2444e+09 7.2444e+08 6.9053e+02 5.2234e+12 2.0000e+07 2.0000e+01 1.8697e+02
7.7179e+09 7.7179e+08 6.8767e+02 5.5490e+12 2.0000e+07 2.0000e+01 1.8697e+02
8.2224e+09 8.2224e+08 6.8481e+02 5.8945e+12 2.0000e+07 2.0000e+01 1.8697e+02
8.7599e+09 8.7599e+08 6.8198e+02 6.2611e+12 2.0000e+07 2.0000e+01 1.8697e+02
9.3325e+09 9.3325e+08 6.7918e+02 6.6500e+12 2.0000e+07 2.0000e+01 1.8697e+02
9.9426e+09 9.9426e+08 6.7644e+02 7.0626e+12 2.0000e+07 2.0000e+01 1.8697e+02
1.0593e+10 1.0593e+09 6.7377e+02 7.5006e+12 2.0000e+07 2.0000e+01 1.8697e+02
1.1285e+10 1.1285e+09 6.7120e+02 7.9653e+12 2.0000e+07 2.0000e+01 1.8697e+02
1.2023e+10 1.2023e+09 6.6875e+02 8.4586e+12 2.0000e+07 2.0000e+01 1.8697e+02
1.2809e+10 1.2809e+09 6.6643e+02 8.9824e+12 2.0000e+07 2.0000e+01 1.8697e+02
1.3646e+10 1.3646e+09 6.6426e+02 9.5386e+12 2.0000e+07 2.0000e+01 1.8697e+02
1.4538e+10 1.4538e+09 6.6228e+02 1.0129e+13 2.0000e+07 2.0000e+01 1.8697e+02
1.5488e+10 1.5488e+09 6.6050e+02 1.0757e+13 2.0000e+07 2.0000e+01 1.8697e+02
1.6501e+10 1.6501e+09 6.5894e+02 1.1424e+13 2.0000e+07 2.0000e+01 1.8697e+02
1.7579e+10 1.7579e+09 6.5762e+02 1.2133e+13 2.0000e+07 2.0000e+01 1.8697e+02
1.8728e+10 1.8728e+09 6.5656e+02 1.2888e+13 2.0000e+07 2.0000e+01 1.8697e+02
1.9953e+10 1.9953e+09 6.5577e+02 1.3691e+13 2.0000e+07 2.0000e+01 1.8697e+02
2.1257e+10 2.1257e+09 6.5529e+02 1.4545e+13 2.0000e+07 2.0000e+01 1.8697e+02
2.2646e+10 2.2646e+09 6.5510e+02 1.5456e+13 2.0000e+07 2.0000e+01 1.8697e+02
2.4127e+10 2.4127e+09 6.5523e+02 1.6426e+13 2.0000e+07 2.0000e+01 1.8697e+02
2.5704e+10 2.5704e+09 6.5568e+02 1.7460e+13 2.0000e+07 2.0000e+01 1.8697e+02
2.7384e+10 2.7384e+09 6.5647e+02 1.8563e+13 2.0000e+07 2.0000e+01 1.8697e+02
2.9174e+10 2.9174e+09 6.5758e+02 1.9740e+13 2.0000e+07 2.0000e+01 1.8697e+02
3.1081e+10 3.1081e+09 6.5903e+02 2.0997e+13 2.0000e+07 2.0000e+01 1.8697e+02
3.3113e+10 3.3113e+09 6.6081e+02 2.2339e+13 2.0000e+07 2.0000e+01 1.8697e+02
3.5278e+10 3.5278e+09 6.6291e+02 2.3774e+13 2.0000e+07 2.0000e+01 1.8697e+02
3.7584e+10 3.7584e+09 6.6533e+02 2.5309e+13 2.0000e+07 2.0000e+01 1.8697e+02
4.0041e+10 4.0041e+09 6.6807e+02 2.6950e+13 2.0000e+07 2.0000e+01 1.8697e+02
4.2658e+10 4.2658e+09 6.7112e+02 2.8707e+13 2.0000e+07 2.0000e+01 1.8697e+02
4.5446e+10 4.5446e+09 6.7447e+02 3.0587e+13 2.0000e+07 2.0000e+01 1.8697e+02
4.8417e+10 4.8417e+09 6.7810e+02 3.2602e+13 2.0000e+07 2.0000e+01 1.8697e+02
5.1582e+10 5.1582e+09 6.8204e+02 3.4760e+13 2.0000e+07 2.0000e+01 1.8697e+02
5.4954e+10 5.4954e+09 6.8625e+02 3.7074e+13 2.0000e+07 2.0000e+01 1.8697e+02
5.8546e+10 5.8546e+09 6.9075e+02 3.9556e+13 2.0000e+07 2.0000e+01 1.8697e+02
6.2373e+10 6.2373e+09 6.9553e+02 4.2218e+13 2.0000e+07 2.0000e+01 1.8697e+02
6.6451e+10 6.6451e+09 7.0059e+02 4.5074e+13 2.0000e+07 2.0000e+01 1.8697e+02
7.0795e+10 7.0795e+09 7.0594e+02 4.8141e+13 2.0000e+07 2.0000e+01 1.8697e+02
7.5422e+10 7.5422e+09 7.1158e+02 5.1434e+13 2.0000e+07 2.0000e+01 1.8697e+02
8.0353e+10 8.0353e+09 7.1752e+02 5.4971e+13 2.0000e+07 2.0000e+01 1.8697e+02
8.5605e+10 8.5605e+09 7.2376e+02 5.8773e+13 2.0000e+07 2.0000e+01 1.8697e+02
9.1201e+10 9.1201e+09 7.3030e+02 6.2859e+13 2.0000e+07 2.0000e+01 1.8697e+02
9.7163e+10 9.7163e+09 7.3717e+02 6.7254e+13 2.0000e+07 2.0000e+01 1.8697e+02
1.0351e+11 1.0351e+10 7.4434e+02 7.1982e+13 2.0000e+07 2.0000e+01 1.8697e+02
1.1028e+11 1.1028e+10 7.5185e+02 7.7069e+13 2.0000e+07 2.0000e+01 1.8697e+02
1.1749e+11 1.1749e+10 7.5968e+02 8.2546e+13 2.0000e+07 2.0000e+01 1.8697e+02
1.2517e+11 1.2517e+10 7.6784e+02 8.8443e+13 2.0000e+07 2.0000e+01 1.8697e+02
1.3335e+11 3.9789e+09 7.8168e+02 9.4803e+13 2.0000e+07 2.0000e+01 1.8697e+02
1.4207e+11 9.4764e+09 7.8866e+02 1.0166e+14 2.0000e+07 2.0000e+01 1.8697e+02
1.5136e+11 1.5136e+10 7.9441e+02 1.0904e+14 2.0000e+07 2.0000e+01 1.8697e+02
1.6125e+11 9.4049e+09 8.0796e+02 1.1701e+14 2.0000e+07 2.0000e+01 1.8697e+02
1.7179e+11 2.1045e+09 8.2056e+02 1.2559e+14 2.0000e+07 2.0000e+01 1.8697e+02
1.8302e+11 9.8324e+09 8.2833e+02 1.3486e+14 2.0000e+07 2.0000e+01 1.8697e+02
1.9498e+11 4.2628e+09 8.4064e+02 1.4485e+14 2.0000e+07 2.0000e+01 1.8697e+02
2.0773e+11 7.5551e+08 8.5266e+02 1.5563e+14 2.0000e+07 2.0000e+01 1.8697e+02
2.2131e+11 4.4304e+09 8.6243e+02 1.6728e+14 2.0000e+07 2.0000e+01 1.8697e+02
2.3578e+11 3.0728e+09 8.7365e+02 1.7984e+14 2.0000e+07 2.0000e+01 1.8697e+02
2.5119e+11 1.2388e+10 8.8234e+02 1.9339e+14 2.0000e+07 2.0000e+01 1.8697e+02
2.6761e+11 3.5997e+09 8.9611e+02 2.0800e+14 2.0000e+07 2.0000e+01 1.8697e+02
2.8510e+11 1.3389e+10 9.0466e+02 2.2377e+14 2.0000e+07 2.0000e+01 1.8697e+02
3.0374e+11 5.2340e+09 9.1781e+02 2.4077e+14 2.0000e+07 2.0000e+01 1.8697e+02
3.2359e+11 1.1785e+10 9.2724e+02 2.5910e+14 2.0000e+07 2.0000e+01 1.8697e+02
3.4475e+11 8.4566e+09 9.3888e+02 2.7886e+14 2.0000e+07 2.0000e+01 1.8697e+02
3.6728e+11 1.1583e+10 9.4847e+02 3.0014e+14 2.0000e+07 2.0000e+01 1.8697e+02
3.9129e+11 1.2301e+10 9.5809e+02 3.2305e+14 2.0000e+07 2.0000e+01 1.8697e+02
4.1687e+11 1.8977e+09 9.6911e+02 3.4771e+14 2.0000e+07 2.0000e+01 1.8697e+02
4.4412e+11 1.3054e+10 9.7609e+02 3.7422e+14 2.0000e+07 2.0000e+01 1.8697e+02
4.7315e+11 9.6992e+09 9.8415e+02 4.0270e+14 2.0000e+07 2.0000e+01 1.8697e+02
5.0408e+11 1.0523e+10 9.9073e+02 4.3325e+14 2.0000e+07 2.0000e+01 1.8697e+02
5.3703e+11 1.0207e+10 9.9627e+02 4.6600e+14 2.0000e+07 2.0000e+01 1.8697e+02
5.7214e+11 2.7397e+09 1.0011e+03 5.0106e+14 2.0000e+07 2.0000e+01 1.8697e+02
6.0954e+11 4.2322e+09 1.0035e+03 5.3854e+14 2.0000e+07 2.0000e+01 1.8697e+02
6.4938e+11 4.7302e+09 1.0045e+03 5.7855e+14 2.0000e+07 2.0000e+01 1.8697e+02
6.9183e+11 6.2776e+09 1.0039e+03 6.2117e+14 2.0000e+07 2.0000e+01 1.8697e+02
7.3706e+11 5.7500e+09 1.0012e+03 6.6650e+14 2.0000e+07 2.0000e+01 1.8697e+02
7.8524e+11 9.0850e+09 9.9646e+02 7.1462e+14 2.0000e+07 2.0000e+01 1.8697e+02
8.3657e+11 1.5372e+10 9.8973e+02 7.6558e+14 2.0000e+07 2.0000e+01 1.8697e+02
8.9125e+11 1.8392e+10 9.8063e+02 8.1942e+14 2.0000e+07 2.0000e+01 1.8697e+02
9.4951e+11 6.6575e+09 9.6822e+02 8.7617e+14 2.0000e+07 2.0000e+01 1.8697e+02
1.0116e+12 8.9853e+09 9.5409e+02 9.3583e+14 2.0000e+07 2.0000e+01 1.8697e+02
1.0777e+12 1.5466e+10 9.3780e+02 9.9835e+14 2.0000e+07 2.0000e+01 1.8697e+02
1.1482e+12 1.9597e+10 9.1889e+02 1.0637e+15 2.0000e+07 2.0000e+01 1.8697e+02
1.2232e+12 8.5881e+09 8.9567e+02 1.1317e+15 2.0000e+07 2.0000e+01 1.8697e+02
1.3032e+12 1.9347e+10 8.7216e+02 1.2023e+15 2.0000e+07 2.0000e+01 1.8697e+02
1.3884e+12 6.3912e+09 8.4375e+02 1.2753e+15 2.0000e+07 2.0000e+01 1.8697e+02
1.4791e+12 1.8654e+10 8.1552e+02 1.3506e+15 2.0000e+07 2.0000e+01 1.8697e+02
1.5758e+12 1.7097e+10 7.8391e+02 1.4278e+15 2.0000e+07 2.0000e+01 1.8697e+02
1.6788e+12 2.7406e+10 7.5106e+02 1.5066e+15 2.0000e+07 2.0000e+01 1.8697e+02
1.7885e+12 1.2020e+10 7.1385e+02 1.5868e+15 2.0000e+07 2.0000e+01 1.8697e+02
1.9055e+12 1.6098e+10 6.7722e+02 1.6680e+15 2.0000e+07 2.0000e+01 1.8697e+02
2.0300e+12 2.3787e+10 6.3982e+02 1.7499e+15 2.0000e+07 2.0000e+01 1.8697e+02
2.1627e+12 6.1716e+09 5.9910e+02 1.8319e+15 2.0000e+07 2.0000e+01 1.8697e+02
2.3041e+12 6.3238e+09 5.5943e+02 1.9138e+15 2.0000e+07 2.0000e+01 1.8697e+02
2.4547e+12 8.9490e+09 5.1981e+02 1.9951e+15 2.0000e+07 2.0000e+01 1.8697e+02
2.6152e+12 5.0671e+09 4.7991e+02 2.0752e+15 2.0000e+07 2.0000e+01 1.8697e+02
2.7861e+12 4.1310e+09 4.4077e+02 2.1539e+15 2.0000e+07 2.0000e+01 1.8697e+02
2.9682e+12 1.3095e+10 4.0308e+02 2.2307e+15 2.0000e+07 2.0000e+01 1.8697e+02
3.1623e+12 2.0805e+10 3.6653e+02 2.3053e+15 2.0000e+07 2.0000e+01 1.8697e+02
3.3690e+12 2.0085e+10 3.3093e+02 2.3771e+15 2.0000e+07 2.0000e+01 1.8697e+02
3.5892e+12 1.1502e+10 2.9632e+02 2.4460e+15 2.0000e+07 2.0000e+01 1.8697e+02
3.8238e+12 5.5449e+09 2.6412e+02 2.5117e+15 2.0000e+07 2.0000e+01 1.8697e+02
4.0738e+12 2.8574e+10 2.3511e+02 2.5740e+15 2.0000e+07 2.0000e+01 1.8697e+02
4.3401e+12 1.0597e+10 2.0687e+02 2.6327e+15 2.0000e+07 2.0000e+01 1.8697e+02
4.6238e+12 4.4738e+10 1.8253e+02 2.6877e+15 2.0000e+07 2.0000e+01 1.8697e+02
4.9261e+12 4.6847e+10 1.5957e+02 2.7391e+15 2.0000e+07 2.0000e+01 1.8697e+02
5.2481e+12 3.9996e+10 1.3875e+02 2.7868e+15 2.0000e+07 2.0000e+01 1.8697e+02
5.5911e+12 8.1255e+09 1.2003e+02 2.8311e+15 2.0000e+07 2.0000e+01 1.8697e+02
5.9566e+12 7.1762e+09 1.0412e+02 2.8720e+15 2.0000e+07 2.0000e+01 1.8697e+02
6.3460e+12 2.4458e+10 9.0700e+01 2.9099e+15 2.0000e+07 2.0000e+01 1.8697e+02
6.7608e+12 5.1431e+10 7.9296e+01 2.9450e+15 2.0000e+07 2.0000e+01 1.8697e+02
7.2028e+12 7.7305e+10 6.9631e+01 2.9777e+15 2.0000e+07 2.0000e+01 1.8697e+02
7.6736e+12 2.1683e+10 6.1189e+01 3.0084e+15 2.0000e+07 2.0000e+01 1.8697e+02
8.1752e+12 6.3378e+10 5.4807e+01 3.0374e+15 2.0000e+07 2.0000e+01 1.8697e+02
8.7096e+12 1.1051e+10 4.9380e+01 3.0651e+15 2.0000e+07 2.0000e+01 1.8697e+02
9.2790e+12 7.3189e+10 4.5398e+01 3.0921e+15 2.0000e+07 2.0000e+01 1.8697e+02
9.8855e+12 1.9465e+11 4.2415e+01 3.1186e+15 2.0000e+07 2.0000e+01 1.8697e+02
1.0532e+13 5.9787e+10 3.9808e+01 3.1450e+15 2.0000e+07 2.0000e+01 1.8697e+02
1.1220e+13 4.5369e+11 3.8330e+01 3.1718e+15 2.0000e+07 2.0000e+01 1.8697e+02
1.1954e+13 8.1589e+10 3.6762e+01 3.1992e+15 2.0000e+07 2.0000e+01 1.8697e+02
1.2735e+13 9.0711e+10 3.5845e+01 3.2276e+15 2.0000e+07 2.0000e+01 1.8697e+02
1.3568e+13 9.0198e+10 3.5203e+01 3.2571e+15 2.0000e+07 2.0000e+01 1.8697e+02
1.4454e+13 6.2524e+11 3.4838e+01 3.2881e+15 2.0000e+07 2.0000e+01 1.8697e+02
1.5399e+13 2.3641e+11 3.4485e+01 3.3208e+15 2.0000e+07 2.0000e+01 1.8697e+02
1.6406e+13 6.2063e+11 3.4295e+01 3.3554e+15 2.0000e+07 2.0000e+01 1.8697e+02
1.7478e+13 4.0221e+11 3.4138e+01 3.3921e+15 2.0000e+07 2.0000e+01 1.8697e+02
1.8621e+13 3.5446e+11 3.4040e+01 3.4310e+15 2.0000e+07 2.0000e+01 1.8697e+02
1.9838e+13 3.0770e+11 3.3967e+01 3.4724e+15 2.0000e+07 2.0000e+01 1.8697e+02
2.1135e+13 7.4737e+11 3.3918e+01 3.5164e+15 2.0000e+07 2.0000e+01 1.8697e+02
2.2516e+13 1.2684e+12 3.3881e+01 3.5633e+15 2.0000e+07 2.0000e+01 1.8697e+02
2.3988e+13 4.0697e+11 3.3845e+01 3.6131e+15 2.0000e+07 2.0000e+01 1.8697e+02
2.5556e+13 6.9438e+11 3.3814e+01 3.6661e+15 2.0000e+07 2.0000e+01 1.8697e+02
2.7227e+13 1.9524e+12 3.3796e+01 3.7226e+15 2.0000e+07 2.0000e+01 1.8697e+02
2.9007e+13 8.2621e+11 3.3775e+01 3.7827e+15 2.0000e+07 2.0000e+01 1.8697e+02
3.0903e+13 2.1399e+12 3.3761e+01 3.8467e+15 2.0000e+07 2.0000e+01 1.8697e+02
3.2923e+13 3.2923e+12 3.3754e+01 3.9149e+15 2.0000e+07 2.0000e+01 1.8697e+02
3.5075e+13 1.0778e+12 3.3739e+01 3.9876e+15 2.0000e+07 2.0000e+01 1.8697e+02
3.7368e+13 2.4300e+12 3.3731e+01 4.0649e+15 2.0000e+07 2.0000e+01 1.8697e+02
3.9811e+13 2.5411e+10 3.3724e+01 4.1473e+15 2.0000e+07 2.0000e+01 1.8697e+02
4.2413e+13 2.0030e+12 3.3719e+01 4.2350e+15 2.0000e+07 2.0000e+01 1.8697e+02
4.5186e+13 1.5391e+12 3.3716e+01 4.3285e+15 2.0000e+07 2.0000e+01 1.8697e+02
4.8139e+13 2.8293e+12 3.3714e+01 4.4281e+15 2.0000e+07 2.0000e+01 1.8697e+02
5.1286e+13 6.3505e+11 3.3711e+01 4.5342e+15 2.0000e+07 2.0000e+01 1.8697e+02
5.4639e+13 2.8948e+12 3.3710e+01 4.6472e+15 2.0000e+07 2.0000e+01 1.8697e+02
5.8210e+13 1.3538e+12 3.3708e+01 4.7676e+15 2.0000e+07 2.0000e+01 1.8697e+02
6.2015e+13 4.9027e+12 3.3707e+01 4.8959e+15 2.0000e+07 2.0000e+01 1.8697e+02
6.6069e+13 6.6069e+12 3.3706e+01 5.0325e+15 2.0000e+07 2.0000e+01 1.8697e+02
7.0388e+13 7.0388e+12 3.3705e+01 5.1781e+15 2.0000e+07 2.0000e+01 1.8697e+02
7.4989e+13 7.4989e+12 3.3704e+01 5.3331e+15 2.0000e+07 2.0000e+01 1.8697e+02
7.9891e+13 7.9891e+12 3.3702e+01 5.4984e+15 2.0000e+07 2.0000e+01 1.8697e+02
8.5114e+13 8.5114e+12 3.3701e+01 5.6744e+15 2.0000e+07 2.0000e+01 1.8697e+02
9.0678e+13 9.0678e+12 3.3699e+01 5.8618e+15 2.0000e+07 2.0000e+01 1.8697e+02
9.6605e+13 9.6605e+12 3.3698e+01 6.0616e+15 2.0000e+07 2.0000e+01 1.8697e+02
1.0292e+14 1.0292e+13 3.3696e+01 6.2744e+15 2.0000e+07 2.0000e+01 1.8697e+02
1.0965e+14 1.0965e+13 3.3695e+01 6.5011e+15 2.0000e+07 2.0000e+01 1.8697e+02
1.1682e+14 1.1682e+13 3.3693e+01 6.7426e+15 2.0000e+07 2.0000e+01 1.8697e+02
1.2445e+14 1.2445e+13 3.3691e+01 6.9998e+15 2.0000e+07 2.0000e+01 1.8697e+02
1.3259e+14 1.3259e+13 3.3689e+01 7.2739e+15 2.0000e+07 2.0000e+01 1.8697e+02
1.4125e+14 1.4125e+13 3.3687e+01 7.5659e+15 2.0000e+07 2.0000e+01 1.8697e+02
1.5049e+14 1.5049e+13 3.3684e+01 7.8769e+15 2.0000e+07 2.0000e+01 1.8697e+02
1.6032e+14 1.6032e+13 3.3682e+01 8.2082e+15 2.0000e+07 2.0000e+01 1.8697e+02
1.7080e+14 1.7080e+13 3.3679e+01 8.5612e+15 2.0000e+07 2.0000e+01 1.8697e+02
1.8197e+14 1.8197e+13 3.3677e+01 8.9372e+15 2.0000e+07 2.0000e+01 1.8697e+02
1.9387e+14 1.9387e+13 3.3674e+01 9.3378e+15 2.0000e+07 2.0000e+01 1.8697e+02
2.0654e+14 2.0654e+13 3.3671e+01 9.7645e+15 2.0000e+07 2.0000e+01 1.8697e+02
2.2004e+14 2.2004e+13 3.3668e+01 1.0219e+16 2.0000e+07 2.0000e+01 1.8697e+02
2.3442e+14 2.3442e+13 3.3664e+01 1.0703e+16 2.0000e+07 2.0000e+01 1.8697e+02
2.4975e+14 2.4975e+13 3.3661e+01 1.1219e+16 2.0000e+07 2.0000e+01 1.8697e+02
2.6607e+14 2.6607e+13 3.3657e+01 1.1769e+16 2.0000e+07 2.0000e+01 1.8697e+02
2.8347e+14 8.7106e+12 3.3651e+01 1.2354e+16 2.0000e+07 2.0000e+01 1.8697e+02
3.0200e+14 1.9638e+13 3.3647e+01 1.2977e+16 2.0000e+07 2.0000e+01 1.8697e+02
3.2174e+14 2.0536e+11 3.3641e+01 1.3641e+16 2.0000e+07 2.0000e+01 1.8697e+02
3.4277e+14 1.6187e+13 3.3637e+01 1.4349e+16 2.0000e+07 2.0000e+01 1.8697e+02
3.6517e+14 1.2438e+13 3.3632e+01 1.5103e+16 2.0000e+07 2.0000e+01 1.8697e+02
3.8905e+14 2.2865e+13 3.3628e+01 1.5905e+16 2.0000e+07 2.0000e+01 1.8697e+02
4.1448e+14 5.1322e+12 3.3622e+01 1.6760e+16 2.0000e+07 2.0000e+01 1.8697e+02
4.4157e+14 2.3394e+13 3.3617e+01 1.7671e+16 2.0000e+07 2.0000e+01 1.8697e+02
4.7044e+14 1.0941e+13 3.3611e+01 1.8642e+16 2.0000e+07 2.0000e+01 1.8697e+02
5.0119e+14 3.9622e+13 3.3606e+01 1.9675e+16 2.0000e+07 2.0000e+01 1.8697e+02
5.3395e+14 5.3395e+13 3.3602e+01 2.0776e+16 2.0000e+07 2.0000e+01 1.8697e+02
5.6885e+14 3.3178e+13 3.3593e+01 2.1948e+16 2.0000e+07 2.0000e+01 1.8697e+02
6.0604e+14 8.0138e+12 3.3585e+01 2.3198e+16 2.0000e+07 2.0000e+01 1.8697e+02
6.4565e+14 3.1150e+13 3.3580e+01 2.4528e+16 2.0000e+07 2.0000e+01 1.8697e+02
6.8786e+14 2.2112e+13 3.3573e+01 2.5945e+16 2.0000e+07 2.0000e+01 1.8697e+02
7.3282e+14 4.5705e+13 3.3567e+01 2.7454e+16 2.0000e+07 2.0000e+01 1.8697e+02
7.8073e+14 4.3984e+12 3.3558e+01 2.9062e+16 2.0000e+07 2.0000e+01 1.8697e+02
8.3176e+14 4.0493e+13 3.3553e+01 3.0775e+16 2.0000e+07 2.0000e+01 1.8697e+02
8.8614e+14 5.2052e+13 3.3546e+01 3.2599e+16 2.0000e+07 2.0000e+01 1.8697e+02
9.4406e+14 4.5150e+13 3.3539e+01 3.4542e+16 2.0000e+07 2.0000e+01 1.8697e+02
1.0058e+15 1.5290e+13 3.3532e+01 3.6611e+16 2.0000e+07 2.0000e+01 1.8697e+02
1.0715e+15 2.3733e+13 3.3526e+01 3.8816e+16 2.0000e+07 2.0000e+01 1.8697e+02
1.1416e+15 1.6636e+13 3.3521e+01 4.1164e+16 2.0000e+07 2.0000e+01 1.8697e+02
1.2162e+15 8.3879e+12 3.3516e+01 4.3665e+16 2.0000e+07 2.0000e+01 1.8697e+02
1.2957e+15 1.8518e+11 3.3512e+01 4.6329e+16 2.0000e+07 2.0000e+01 1.8697e+02
1.3804e+15 1.6974e+13 3.3509e+01 4.9168e+16 2.0000e+07 2.0000e+01 1.8697e+02
1.4706e+15 1.3058e+12 3.3508e+01 5.2191e+16 2.0000e+07 2.0000e+01 1.8697e+02
1.5668e+15 1.0693e+13 3.3508e+01 5.5412e+16 2.0000e+07 2.0000e+01 1.8697e+02
1.6692e+15 5.4555e+12 3.3510e+01 5.8844e+16 2.0000e+07 2.0000e+01 1.8697e+02
1.7783e+15 1.1163e+13 3.3513e+01 6.2501e+16 2.0000e+07 2.0000e+01 1.8697e+02
1.8945e+15 1.0383e+13 3.3520e+01 6.6397e+16 2.0000e+07 2.0000e+01 1.8697e+02
2.0184e+15 7.3593e+12 3.3528e+01 7.0548e+16 2.0000e+07 2.0000e+01 1.8697e+02
2.1503e+15 2.5719e+12 3.3541e+01 7.4973e+16 2.0000e+07 2.0000e+01 1.8697e+02
2.2909e+15 9.0814e+12 3.3556e+01 7.9689e+16 2.0000e+07 2.0000e+01 1.8697e+02
2.4406e+15 1.0258e+13 3.3577e+01 8.4715e+16 2.0000e+07 2.0000e+01 1.8697e+02
2.6002e+15 1.2517e+13 3.3601e+01 9.0074e+16 2.0000e+07 2.0000e+01 1.8697e+02
2.7701e+15 8.4778e+12 3.3633e+01 9.5788e+16 2.0000e+07 2.0000e+01 1.8697e+02
2.9512e+15 8.0178e+12 3.3670e+01 1.0188e+17 2.0000e+07 2.0000e+01 1.8697e+02
3.1441e+15 9.4280e+12 3.3715e+01 1.0838e+17 2.0000e+07 2.0000e+01 1.8697e+02
3.3497e+15 1.8582e+12 3.3767e+01 1.1532e+17 2.0000e+07 2.0000e+01 1.8697e+02
3.5686e+15 8.0529e+12 3.3829e+01 1.2272e+17 2.0000e+07 2.0000e+01 1.8697e+02
3.8019e+15 8.3190e+12 3.3900e+01 1.3062e+17 2.0000e+07 2.0000e+01 1.8697e+02
4.0504e+15 1.3180e+13 3.3983e+01 1.3905e+17 2.0000e+07 2.0000e+01 1.8697e+02
4.3152e+15 5.7284e+12 3.4079e+01 1.4806e+17 2.0000e+07 2.0000e+01 1.8697e+02
4.5973e+15 3.4547e+12 3.4188e+01 1.5769e+17 2.0000e+07 2.0000e+01 1.8697e+02
4.8978e+15 7.4083e+12 3.4312e+01 1.6798e+17 2.0000e+07 2.0000e+01 1.8697e+02
5.2180e+15 3.8662e+12 3.4453e+01 1.7899e+17 2.0000e+07 2.0000e+01 1.8697e+02
5.5590e+15 6.3471e+12 3.4611e+01 1.9077e+17 2.0000e+07 2.0000e+01 1.8697e+02
5.9224e+15 6.2869e+12 3.4789e+01 2.0338e+17 2.0000e+07 2.0000e+01 1.8697e+02
6.3096e+15 5.7499e+12 3.4987e+01 2.1689e+17 2.0000e+07 2.0000e+01 1.8697e+02
6.7220e+15 9.5428e+11 3.5208e+01 2.3136e+17 2.0000e+07 2.0000e+01 1.8697e+02
7.1614e+15 3.6972e+12 3.5452e+01 2.4689e+17 2.0000e+07 2.0000e+01 1.8697e+02
7.6296e+15 8.7556e+11 3.5721e+01 2.6354e+17 2.0000e+07 2.0000e+01 1.8697e+02
8.1283e+15 7.1923e+12 3.6014e+01 2.8143e+17 2.0000e+07 2.0000e+01 1.8697e+02
8.6596e+15 1.6368e+12 3.6336e+01 3.0065e+17 2.0000e+07 2.0000e+01 1.8697e+02
9.2257e+15 6.7852e+12 3.6682e+01 3.2132e+17 2.0000e+07 2.0000e+01 1.8697e+02
9.8288e+15 3.7218e+12 3.7058e+01 3.4356e+17 2.0000e+07 2.0000e+01 1.8697e+02
1.0471e+16 1.0072e+13 3.7460e+01 3.6749e+17 2.0000e+07 2.0000e+01 1.8697e+02
1.1156e+16 2.5980e+12 3.7890e+01 3.9328e+17 2.0000e+07 2.0000e+01 1.8697e+02
1.1885e+16 7.9869e+12 3.8340e+01 4.2108e+17 2.0000e+07 2.0000e+01 1.8697e+02
1.2662e+16 6.0375e+12 3.8817e+01 4.5105e+17 2.0000e+07 2.0000e+01 1.8697e+02
1.3490e+16 3.2518e+12 3.9311e+01 4.8339e+17 2.0000e+07 2.0000e+01 1.8697e+02
1.4371e+16 5.3807e+12 3.9820e+01 5.1828e+17 2.0000e+07 2.0000e+01 1.8697e+02
1.5311e+16 4.4417e+12 4.0338e+01 5.5593e+17 2.0000e+07 2.0000e+01 1.8697e+02
1.6312e+16 4.6231e+12 4.0861e+01 5.9657e+17 2.0000e+07 2.0000e+01 1.8697e+02
1.7378e+16 1.7777e+12 4.1380e+01 6.4042e+17 2.0000e+07 2.0000e+01 1.8697e+02
1.8514e+16 4.0408e+12 4.1886e+01 6.8772e+17 2.0000e+07 2.0000e+01 1.8697e+02
1.9724e+16 2.4275e+12 4.2370e+01 7.3871e+17 2.0000e+07 2.0000e+01 1.8697e+02
2.1014e+16 3.0419e+12 4.2820e+01 7.9363e+17 2.0000e+07 2.0000e+01 1.8697e+02
2.2387e+16 1.9779e+12 4.3224e+01 8.5274e+17 2.0000e+07 2.0000e+01 1.8697e+02
2.3851e+16 8.2833e+12 4.3568e+01 9.1626e+17 2.0000e+07 2.0000e+01 1.8697e+02
2.5410e+16 1.3008e+12 4.3840e+01 9.8441e+17 2.0000e+07 2.0000e+01 1.8697e+02
2.7071e+16 7.7615e+12 4.4024e+01 1.0574e+18 2.0000e+07 2.0000e+01 1.8697e+02
2.8840e+16 1.2928e+12 4.4107e+01 1.1354e+18 2.0000e+07 2.0000e+01 1.8697e+02
3.0726e+16 9.5531e+12 4.4076e+01 1.2185e+18 2.0000e+07 2.0000e+01 1.8697e+02
3.2734e+16 1.3286e+13 4.3915e+01 1.3069e+18 2.0000e+07 2.0000e+01 1.8697e+02
3.4874e+16 8.2596e+12 4.3617e+01 1.4006e+18 2.0000e+07 2.0000e+01 1.8697e+02
3.7154e+16 1.7357e+13 4.3169e+01 1.4995e+18 2.0000e+07 2.0000e+01 1.8697e+02
3.9582e+16 1.6868e+12 4.2564e+01 1.6037e+18 2.0000e+07 2.0000e+01 1.8697e+02
4.2170e+16 1.6158e+13 4.1800e+01 1.7128e+18 2.0000e+07 2.0000e+01 1.8697e+02
4.4926e+16 2.3702e+13 4.0874e+01 1.8268e+18 2.0000e+07 2.0000e+01 1.8697e+02
4.7863e+16 2.7460e+13 3.9789e+01 1.9453e+18 2.0000e+07 2.0000e+01 1.8697e+02
5.0992e+16 9.1426e+12 3.8544e+01 2.0678e+18 2.0000e+07 2.0000e+01 1.8697e+02
5.4325e+16 3.6856e+12 3.7151e+01 2.1940e+18 2.0000e+07 2.0000e+01 1.8697e+02
5.7876e+16 9.7861e+12 3.5618e+01 2.3232e+18 2.0000e+07 2.0000e+01 1.8697e+02
6.1660e+16 7.4655e+12 3.3954e+01 2.4548e+18 2.0000e+07 2.0000e+01 1.8697e+02
6.5690e+16 8.3035e+12 3.2176e+01 2.5881e+18 2.0000e+07 2.0000e+01 1.8697e+02
6.9984e+16 9.5317e+12 3.0303e+01 2.7222e+18 2.0000e+07 2.0000e+01 1.8697e+02
7.4559e+16 3.2162e+13 2.8357e+01 2.8564e+18 2.0000e+07 2.0000e+01 1.8697e+02
7.9433e+16 2.2570e+13 2.6352e+01 2.9897e+18 2.0000e+07 2.0000e+01 1.8697e+02
8.4625e+16 1.0453e+13 2.4314e+01 3.1211e+18 2.0000e+07 2.0000e+01 1.8697e+02
9.0157e+16 1.0145e+13 2.2268e+01 3.2499e+18 2.0000e+07 2.0000e+01 1.8697e+02
9.6051e+16 9.2007e+12 2.0236e+01 3.3751e+18 2.0000e+07 2.0000e+01 1.8697e+02
1.0233e+17 1.1600e+13 1.8240e+01 3.4958e+18 2.0000e+07 2.0000e+01 1.8697e+02
1.0902e+17 1.9170e+13 1.6301e+01 3.6112e+18 2.0000e+07 2.0000e+01 1.8697e+02
1.1614e+17 3.3489e+12 1.4435e+01 3.7206e+18 2.0000e+07 2.0000e+01 1.8697e+02
1.2374e+17 2.9011e+12 1.2663e+01 3.8233e+18 2.0000e+07 2.0000e+01 1.8697e+02
1.3183e+17 9.0969e+12 1.0999e+01 3.9189e+18 2.0000e+07 2.0000e+01 1.8697e+02
1.4044e+17 1.5335e+13 9.4525e+00 4.0068e+18 2.0000e+07 2.0000e+01 1.8697e+02
1.4962e+17 2.4013e+13 8.0339e+00 4.0869e+18 2.0000e+07 2.0000e+01 1.8697e+02
1.5940e+17 8.3993e+12 6.7470e+00 4.1590e+18 2.0000e+07 2.0000e+01 1.8697e+02
1.6982e+17 2.2696e+13 5.5970e+00 4.2232e+18 2.0000e+07 2.0000e+01 1.8697e+02
1.8093e+17 2.1703e+13 4.5817e+00 4.2795e+18 2.0000e+07 2.0000e+01 1.8697e+02
1.9275e+17 6.8906e+13 3.6993e+00 4.3283e+18 2.0000e+07 2.0000e+01 1.8697e+02
2.0535e+17 8.5740e+12 2.9408e+00 4.3699e+18 2.0000e+07 2.0000e+01 1.8697e+02
2.1878e+17 1.0800e+12 2.3020e+00 4.4049e+18 2.0000e+07 2.0000e+01 1.8697e+02
2.3308e+17 5.5700e+13 1.7728e+00 4.4339e+18 2.0000e+07 2.0000e+01 1.8697e+02
2.4831e+17 1.4411e+13 1.3404e+00 4.4575e+18 2.0000e+07 2.0000e+01 1.8697e+02
2.6455e+17 1.4172e+13 9.9476e-01 4.4763e+18 2.0000e+07 2.0000e+01 1.8697e+02
2.8184e+17 1.3319e+14 7.2389e-01 4.4911e+18 2.0000e+07 2.0000e+01 1.8697e+02
3.0026e+17 9.6931e+12 5.1504e-01 4.5024e+18 2.0000e+07 2.0000e+01 1.8697e+02
3.1989e+17 4.0443e+13 3.5859e-01 4.5109e+18 2.0000e+07 2.0000e+01 1.8697e+02
3.4080e+17 9.5468e+13 2.4372e-01 4.5171e+18 2.0000e+07 2.0000e+01 1.8697e+02
3.6308e+17 4.0348e+13 1.6133e-01 4.5216e+18 2.0000e+07 2.0000e+01 1.8697e+02
3.8681e+17 9.9000e+13 1.0400e-01 4.5247e+18 2.0000e+07 2.0000e+01 1.8697e+02
4.1210e+17 4.4283e+13 6.5053e-02 4.5268e+18 2.0000e+07 2.0000e+01 1.8697e+02
4.3904e+17 1.2943e+14 3.9485e-02 4.5281e+18 2.0000e+07 2.0000e+01 1.8697e+02
4.6774e+17 3.5030e+14 2.3204e-02 4.5290e+18 2.0000e+07 2.0000e+01 1.8697e+02
4.9831e+17 5.3060e+14 1.3155e-02 4.5296e+18 2.0000e+07 2.0000e+01 1.8697e+02
5.3088e+17 1.2745e+15 7.1955e-03 4.5299e+18 2.0000e+07 2.0000e+01 1.8697e+02
5.6559e+17 7.5663e+14 3.7523e-03 4.5301e+18 2.0000e+07 2.0000e+01 1.8697e+02
6.0256e+17 6.2233e+14 1.8780e-03 4.5302e+18 2.0000e+07 2.0000e+01 1.8697e+02
6.4195e+17 4.4460e+15 9.2257e-04 4.5302e+18 2.0000e+07 2.0000e+01 1.8697e+02
6.8391e+17 2.9353e+15 4.1452e-04 4.5302e+18 2.0000e+07 2.0000e+01 1.8697e+02
7.2862e+17 3.7871e+15 1.7904e-04 4.5303e+18 2.0000e+07 2.0000e+01 1.8697e+02
7.7625e+17 1.2379e+16 7.6951e-05 4.5303e+18 2.0000e+07 2.0000e+01 1.8697e+02
8.2699e+17 1.3701e+16 2.9589e-05 4.5303e+18 2.0000e+07 2.0000e+01 1.8697e+02
8.8105e+17 1.4647e+16 1.0437e-05 4.5303e+18 2.0000e+07 2.0000e+01 1.8697e+02
9.3864e+17 4.4882e+16 4.0084e-06 4.5303e+18 2.0000e+07 2.0000e+01 1.8697e+02
1.0000e+18 5.9881e+16 1.2089e-06 4.5303e+18 2.0000e+07 2.0000e+01 1.8697e+02