# ASY+PE method (with partition functions). 
# All quantities except Asy, RG_PE, and sumX are 
# log10(x). Log of absolute values for E and dE/dt, as
# they can be negative. UNITS: t and dt in s; E in erg; 
# dE/dt in erg/g/s; all others dimensionless 
#
#    t     dt     |E|  |dE/dt| Asy  Equil sumX    X(0)      X(1)      X(2)      X(3)      X(4)      X(5)      X(6)      X(7)      X(8)      X(9)      X(10)      X(11)      X(12)      X(13)      X(14)      X(15)    

+7.027 +5.985  9.911  2.883 0.312 0.000 1.000 -2.400e+01 -1.496e-01 -5.591e-01 -2.517e+00 -4.436e+00 -1.180e+01 -2.957e+00 -5.360e+00 -1.509e+01 -2.017e+00 -5.305e+00 -4.662e+00 -1.631e+01 -1.751e+01 -1.327e+01 -2.806e+00
+7.055 +6.055  9.938  2.883 0.312 0.000 1.000 -2.400e+01 -1.496e-01 -5.591e-01 -2.517e+00 -4.436e+00 -1.180e+01 -2.957e+00 -5.360e+00 -1.509e+01 -2.017e+00 -5.305e+00 -4.662e+00 -1.631e+01 -1.751e+01 -1.324e+01 -2.806e+00
+7.082 +6.082  9.966  2.883 0.250 0.000 1.000 -2.330e+01 -1.496e-01 -5.591e-01 -2.517e+00 -4.436e+00 -1.180e+01 -2.957e+00 -5.360e+00 -1.509e+01 -2.017e+00 -5.305e+00 -4.662e+00 -1.631e+01 -1.751e+01 -1.321e+01 -2.806e+00
+7.110 +6.110  9.993  2.883 0.250 0.000 1.000   nan -1.496e-01 -5.591e-01 -2.517e+00 -4.436e+00 -1.180e+01 -2.957e+00 -5.360e+00 -1.509e+01 -2.017e+00 -5.305e+00 -4.662e+00 -1.631e+01 -1.751e+01 -1.319e+01 -2.806e+00
+7.137 +6.137 10.021  2.883 0.312 0.000 1.000 -2.400e+01 -1.496e-01 -5.591e-01 -2.517e+00 -4.436e+00 -1.180e+01 -2.957e+00 -5.360e+00 -1.509e+01 -2.017e+00 -5.305e+00 -4.662e+00 -1.631e+01 -1.751e+01 -1.316e+01 -2.806e+00
+7.165 +6.165 10.048  2.883 0.312 0.000 1.000 -2.400e+01 -1.496e-01 -5.591e-01 -2.517e+00 -4.436e+00 -1.180e+01 -2.957e+00 -5.360e+00 -1.509e+01 -2.017e+00 -5.305e+00 -4.662e+00 -1.631e+01 -1.751e+01 -1.313e+01 -2.806e+00
+7.192 +6.192 10.076  2.883 0.250 0.000 1.000 -2.321e+01 -1.496e-01 -5.591e-01 -2.517e+00 -4.436e+00 -1.180e+01 -2.957e+00 -5.360e+00 -1.509e+01 -2.017e+00 -5.305e+00 -4.662e+00 -1.631e+01 -1.751e+01 -1.310e+01 -2.806e+00
+7.220 +6.220 10.103  2.883 0.250 0.000 1.000   nan -1.496e-01 -5.591e-01 -2.517e+00 -4.436e+00 -1.180e+01 -2.957e+00 -5.360e+00 -1.509e+01 -2.017e+00 -5.305e+00 -4.662e+00 -1.631e+01 -1.751e+01 -1.308e+01 -2.806e+00
+7.247 +6.247 10.131  2.883 0.250 0.000 1.000 -2.321e+01 -1.496e-01 -5.591e-01 -2.517e+00 -4.436e+00 -1.180e+01 -2.957e+00 -5.360e+00 -1.509e+01 -2.017e+00 -5.305e+00 -4.662e+00 -1.631e+01 -1.751e+01 -1.305e+01 -2.806e+00
+7.275 +6.275 10.158  2.883 0.250 0.000 1.000   nan -1.496e-01 -5.591e-01 -2.517e+00 -4.436e+00 -1.180e+01 -2.957e+00 -5.360e+00 -1.509e+01 -2.017e+00 -5.305e+00 -4.662e+00 -1.631e+01 -1.751e+01 -1.302e+01 -2.806e+00
+7.302 +6.302 10.186  2.883 0.250 0.000 1.000 -2.321e+01 -1.496e-01 -5.591e-01 -2.517e+00 -4.436e+00 -1.180e+01 -2.957e+00 -5.360e+00 -1.509e+01 -2.017e+00 -5.305e+00 -4.662e+00 -1.631e+01 -1.751e+01 -1.299e+01 -2.806e+00
+7.330 +6.330 10.213  2.883 0.250 0.000 1.000   nan -1.496e-01 -5.591e-01 -2.517e+00 -4.436e+00 -1.180e+01 -2.957e+00 -5.360e+00 -1.509e+01 -2.017e+00 -5.305e+00 -4.662e+00 -1.631e+01 -1.751e+01 -1.297e+01 -2.806e+00
+7.357 +6.357 10.241  2.883 0.250 0.000 1.000 -2.321e+01 -1.496e-01 -5.591e-01 -2.517e+00 -4.436e+00 -1.180e+01 -2.957e+00 -5.360e+00 -1.509e+01 -2.017e+00 -5.305e+00 -4.662e+00 -1.631e+01 -1.751e+01 -1.294e+01 -2.806e+00
+7.385 +6.385 10.268  2.883 0.250 0.000 1.000   nan -1.496e-01 -5.591e-01 -2.517e+00 -4.436e+00 -1.180e+01 -2.957e+00 -5.360e+00 -1.509e+01 -2.017e+00 -5.305e+00 -4.662e+00 -1.631e+01 -1.751e+01 -1.291e+01 -2.806e+00
+7.412 +6.412 10.296  2.883 0.250 0.000 1.000 -2.321e+01 -1.496e-01 -5.591e-01 -2.517e+00 -4.436e+00 -1.180e+01 -2.957e+00 -5.360e+00 -1.509e+01 -2.017e+00 -5.305e+00 -4.662e+00 -1.631e+01 -1.751e+01 -1.288e+01 -2.806e+00
+7.440 +6.440 10.323  2.883 0.250 0.000 1.000   nan -1.496e-01 -5.591e-01 -2.517e+00 -4.436e+00 -1.180e+01 -2.957e+00 -5.360e+00 -1.509e+01 -2.017e+00 -5.305e+00 -4.662e+00 -1.631e+01 -1.751e+01 -1.286e+01 -2.806e+00
+7.467 +6.467 10.351  2.883 0.250 0.000 1.000 -2.321e+01 -1.496e-01 -5.591e-01 -2.517e+00 -4.436e+00 -1.180e+01 -2.957e+00 -5.360e+00 -1.509e+01 -2.017e+00 -5.305e+00 -4.662e+00 -1.631e+01 -1.751e+01 -1.283e+01 -2.806e+00
+7.495 +6.495 10.378  2.883 0.250 0.000 1.000   nan -1.496e-01 -5.591e-01 -2.517e+00 -4.435e+00 -1.180e+01 -2.957e+00 -5.361e+00 -1.509e+01 -2.017e+00 -5.305e+00 -4.662e+00 -1.631e+01 -1.751e+01 -1.280e+01 -2.806e+00
+7.522 +6.522 10.406  2.883 0.250 0.000 1.000 -2.321e+01 -1.496e-01 -5.591e-01 -2.517e+00 -4.435e+00 -1.180e+01 -2.957e+00 -5.361e+00 -1.509e+01 -2.017e+00 -5.305e+00 -4.662e+00 -1.631e+01 -1.751e+01 -1.277e+01 -2.806e+00
+7.550 +6.550 10.433  2.883 0.250 0.000 1.000   nan -1.496e-01 -5.591e-01 -2.517e+00 -4.435e+00 -1.180e+01 -2.957e+00 -5.361e+00 -1.509e+01 -2.017e+00 -5.305e+00 -4.662e+00 -1.631e+01 -1.751e+01 -1.275e+01 -2.806e+00
+7.577 +6.577 10.461  2.883 0.250 0.000 1.000 -2.321e+01 -1.496e-01 -5.591e-01 -2.517e+00 -4.435e+00 -1.180e+01 -2.957e+00 -5.361e+00 -1.509e+01 -2.017e+00 -5.305e+00 -4.662e+00 -1.631e+01 -1.751e+01 -1.272e+01 -2.806e+00
+7.605 +6.605 10.488  2.883 0.250 0.000 1.000   nan -1.496e-01 -5.591e-01 -2.517e+00 -4.435e+00 -1.180e+01 -2.957e+00 -5.361e+00 -1.509e+01 -2.017e+00 -5.305e+00 -4.662e+00 -1.631e+01 -1.751e+01 -1.269e+01 -2.806e+00
+7.632 +6.632 10.516  2.883 0.250 0.000 1.000 -2.321e+01 -1.496e-01 -5.591e-01 -2.517e+00 -4.435e+00 -1.180e+01 -2.957e+00 -5.361e+00 -1.509e+01 -2.017e+00 -5.305e+00 -4.662e+00 -1.631e+01 -1.751e+01 -1.266e+01 -2.806e+00
+7.660 +6.660 10.543  2.883 0.250 0.000 1.000   nan -1.496e-01 -5.591e-01 -2.517e+00 -4.435e+00 -1.180e+01 -2.957e+00 -5.361e+00 -1.509e+01 -2.017e+00 -5.305e+00 -4.662e+00 -1.631e+01 -1.751e+01 -1.264e+01 -2.806e+00
+7.687 +6.687 10.571  2.883 0.250 0.000 1.000 -2.321e+01 -1.496e-01 -5.591e-01 -2.517e+00 -4.435e+00 -1.180e+01 -2.957e+00 -5.361e+00 -1.509e+01 -2.017e+00 -5.305e+00 -4.662e+00 -1.631e+01 -1.751e+01 -1.261e+01 -2.806e+00
+7.715 +6.715 10.598  2.883 0.250 0.000 1.000   nan -1.496e-01 -5.591e-01 -2.517e+00 -4.435e+00 -1.180e+01 -2.957e+00 -5.362e+00 -1.509e+01 -2.017e+00 -5.305e+00 -4.662e+00 -1.631e+01 -1.751e+01 -1.258e+01 -2.806e+00
+7.742 +6.742 10.626  2.883 0.250 0.000 1.000 -2.321e+01 -1.496e-01 -5.591e-01 -2.517e+00 -4.435e+00 -1.180e+01 -2.957e+00 -5.362e+00 -1.509e+01 -2.017e+00 -5.305e+00 -4.662e+00 -1.631e+01 -1.751e+01 -1.255e+01 -2.806e+00
+7.770 +6.770 10.653  2.883 0.250 0.000 1.000   nan -1.496e-01 -5.591e-01 -2.517e+00 -4.435e+00 -1.180e+01 -2.957e+00 -5.362e+00 -1.509e+01 -2.017e+00 -5.305e+00 -4.662e+00 -1.631e+01 -1.751e+01 -1.253e+01 -2.806e+00
+7.797 +6.797 10.680  2.883 0.250 0.000 1.000 -2.321e+01 -1.496e-01 -5.591e-01 -2.517e+00 -4.435e+00 -1.180e+01 -2.957e+00 -5.362e+00 -1.509e+01 -2.017e+00 -5.305e+00 -4.662e+00 -1.631e+01 -1.751e+01 -1.250e+01 -2.806e+00
+7.825 +6.825 10.708  2.883 0.250 0.000 1.000   nan -1.496e-01 -5.591e-01 -2.517e+00 -4.435e+00 -1.180e+01 -2.957e+00 -5.362e+00 -1.509e+01 -2.017e+00 -5.305e+00 -4.662e+00 -1.631e+01 -1.751e+01 -1.247e+01 -2.806e+00
+7.852 +6.852 10.735  2.883 0.250 0.000 1.000 -2.321e+01 -1.496e-01 -5.591e-01 -2.517e+00 -4.435e+00 -1.180e+01 -2.957e+00 -5.362e+00 -1.509e+01 -2.017e+00 -5.305e+00 -4.662e+00 -1.631e+01 -1.751e+01 -1.244e+01 -2.806e+00
+7.880 +6.880 10.763  2.883 0.250 0.000 1.000   nan -1.496e-01 -5.591e-01 -2.517e+00 -4.435e+00 -1.180e+01 -2.957e+00 -5.363e+00 -1.509e+01 -2.017e+00 -5.305e+00 -4.662e+00 -1.631e+01 -1.751e+01 -1.242e+01 -2.806e+00
+7.907 +6.907 10.790  2.883 0.250 0.000 1.000 -2.321e+01 -1.496e-01 -5.591e-01 -2.517e+00 -4.434e+00 -1.180e+01 -2.957e+00 -5.363e+00 -1.509e+01 -2.017e+00 -5.305e+00 -4.662e+00 -1.631e+01 -1.751e+01 -1.239e+01 -2.806e+00
+7.935 +6.935 10.818  2.883 0.250 0.000 1.000   nan -1.496e-01 -5.591e-01 -2.517e+00 -4.434e+00 -1.180e+01 -2.957e+00 -5.363e+00 -1.509e+01 -2.017e+00 -5.305e+00 -4.662e+00 -1.631e+01 -1.751e+01 -1.236e+01 -2.806e+00
+7.962 +6.962 10.845  2.882 0.250 0.000 1.000 -2.321e+01 -1.496e-01 -5.591e-01 -2.517e+00 -4.434e+00 -1.180e+01 -2.957e+00 -5.363e+00 -1.509e+01 -2.017e+00 -5.305e+00 -4.662e+00 -1.631e+01 -1.751e+01 -1.233e+01 -2.806e+00
+7.990 +6.990 10.873  2.882 0.250 0.000 1.000   nan -1.496e-01 -5.591e-01 -2.517e+00 -4.434e+00 -1.180e+01 -2.957e+00 -5.364e+00 -1.509e+01 -2.017e+00 -5.305e+00 -4.662e+00 -1.631e+01 -1.751e+01 -1.231e+01 -2.806e+00
+8.017 +7.017 10.900  2.882 0.250 0.000 1.000 -2.321e+01 -1.496e-01 -5.591e-01 -2.517e+00 -4.434e+00 -1.180e+01 -2.957e+00 -5.364e+00 -1.509e+01 -2.017e+00 -5.305e+00 -4.662e+00 -1.631e+01 -1.751e+01 -1.228e+01 -2.806e+00
+8.045 +7.045 10.928  2.882 0.250 0.000 1.000   nan -1.496e-01 -5.591e-01 -2.517e+00 -4.434e+00 -1.180e+01 -2.957e+00 -5.364e+00 -1.509e+01 -2.017e+00 -5.305e+00 -4.662e+00 -1.631e+01 -1.751e+01 -1.225e+01 -2.806e+00
+8.072 +7.072 10.955  2.882 0.250 0.000 1.000 -2.321e+01 -1.496e-01 -5.591e-01 -2.517e+00 -4.434e+00 -1.180e+01 -2.957e+00 -5.365e+00 -1.509e+01 -2.017e+00 -5.305e+00 -4.662e+00 -1.631e+01 -1.751e+01 -1.222e+01 -2.806e+00
+8.100 +7.100 10.983  2.882 0.250 0.000 1.000   nan -1.496e-01 -5.591e-01 -2.517e+00 -4.433e+00 -1.180e+01 -2.957e+00 -5.365e+00 -1.509e+01 -2.017e+00 -5.305e+00 -4.662e+00 -1.631e+01 -1.751e+01 -1.220e+01 -2.806e+00
+8.127 +7.127 11.010  2.882 0.250 0.000 1.000 -2.321e+01 -1.496e-01 -5.591e-01 -2.517e+00 -4.433e+00 -1.180e+01 -2.957e+00 -5.366e+00 -1.509e+01 -2.017e+00 -5.305e+00 -4.662e+00 -1.631e+01 -1.751e+01 -1.217e+01 -2.806e+00
+8.155 +7.155 11.038  2.882 0.250 0.000 1.000   nan -1.496e-01 -5.591e-01 -2.517e+00 -4.433e+00 -1.180e+01 -2.957e+00 -5.366e+00 -1.509e+01 -2.017e+00 -5.305e+00 -4.662e+00 -1.631e+01 -1.751e+01 -1.214e+01 -2.806e+00
+8.182 +7.182 11.065  2.882 0.250 0.000 1.000 -2.321e+01 -1.496e-01 -5.591e-01 -2.517e+00 -4.433e+00 -1.180e+01 -2.957e+00 -5.366e+00 -1.509e+01 -2.017e+00 -5.305e+00 -4.662e+00 -1.631e+01 -1.751e+01 -1.211e+01 -2.806e+00
+8.210 +7.210 11.093  2.882 0.250 0.000 1.000   nan -1.496e-01 -5.591e-01 -2.517e+00 -4.433e+00 -1.180e+01 -2.957e+00 -5.367e+00 -1.509e+01 -2.017e+00 -5.305e+00 -4.662e+00 -1.631e+01 -1.751e+01 -1.209e+01 -2.806e+00
+8.237 +7.237 11.120  2.882 0.250 0.000 1.000 -2.321e+01 -1.496e-01 -5.591e-01 -2.517e+00 -4.433e+00 -1.180e+01 -2.957e+00 -5.367e+00 -1.509e+01 -2.017e+00 -5.305e+00 -4.662e+00 -1.631e+01 -1.751e+01 -1.206e+01 -2.806e+00
+8.265 +7.265 11.147  2.882 0.250 0.000 1.000   nan -1.496e-01 -5.591e-01 -2.517e+00 -4.432e+00 -1.180e+01 -2.957e+00 -5.368e+00 -1.509e+01 -2.017e+00 -5.305e+00 -4.662e+00 -1.631e+01 -1.751e+01 -1.203e+01 -2.806e+00
+8.292 +7.292 11.175  2.882 0.250 0.000 1.000 -2.321e+01 -1.496e-01 -5.591e-01 -2.517e+00 -4.432e+00 -1.180e+01 -2.957e+00 -5.369e+00 -1.509e+01 -2.017e+00 -5.305e+00 -4.662e+00 -1.631e+01 -1.751e+01 -1.200e+01 -2.806e+00
+8.320 +7.320 11.202  2.881 0.250 0.000 1.000   nan -1.496e-01 -5.591e-01 -2.517e+00 -4.432e+00 -1.180e+01 -2.957e+00 -5.369e+00 -1.509e+01 -2.017e+00 -5.305e+00 -4.662e+00 -1.631e+01 -1.751e+01 -1.198e+01 -2.806e+00
+8.347 +7.347 11.230  2.881 0.250 0.000 1.000 -2.321e+01 -1.496e-01 -5.591e-01 -2.517e+00 -4.431e+00 -1.180e+01 -2.957e+00 -5.370e+00 -1.509e+01 -2.017e+00 -5.305e+00 -4.662e+00 -1.631e+01 -1.751e+01 -1.195e+01 -2.806e+00
+8.375 +7.375 11.257  2.881 0.250 0.000 1.000   nan -1.496e-01 -5.591e-01 -2.517e+00 -4.431e+00 -1.180e+01 -2.957e+00 -5.371e+00 -1.509e+01 -2.017e+00 -5.305e+00 -4.662e+00 -1.631e+01 -1.751e+01 -1.192e+01 -2.806e+00
+8.402 +7.402 11.285  2.881 0.250 0.000 1.000 -2.321e+01 -1.496e-01 -5.591e-01 -2.517e+00 -4.431e+00 -1.180e+01 -2.957e+00 -5.371e+00 -1.509e+01 -2.017e+00 -5.305e+00 -4.662e+00 -1.631e+01 -1.751e+01 -1.189e+01 -2.806e+00
+8.430 +7.430 11.312  2.881 0.250 0.000 1.000   nan -1.496e-01 -5.591e-01 -2.517e+00 -4.431e+00 -1.180e+01 -2.957e+00 -5.372e+00 -1.509e+01 -2.017e+00 -5.305e+00 -4.662e+00 -1.631e+01 -1.751e+01 -1.187e+01 -2.806e+00
+8.457 +7.457 11.339  2.881 0.250 0.000 1.000 -2.321e+01 -1.496e-01 -5.591e-01 -2.517e+00 -4.430e+00 -1.180e+01 -2.957e+00 -5.373e+00 -1.509e+01 -2.017e+00 -5.305e+00 -4.662e+00 -1.631e+01 -1.751e+01 -1.184e+01 -2.806e+00
+8.485 +7.485 11.367  2.881 0.250 0.000 1.000   nan -1.496e-01 -5.591e-01 -2.517e+00 -4.430e+00 -1.180e+01 -2.957e+00 -5.374e+00 -1.509e+01 -2.017e+00 -5.305e+00 -4.662e+00 -1.631e+01 -1.751e+01 -1.181e+01 -2.806e+00
+8.512 +7.512 11.394  2.880 0.250 0.000 1.000 -2.321e+01 -1.496e-01 -5.591e-01 -2.517e+00 -4.429e+00 -1.180e+01 -2.957e+00 -5.375e+00 -1.509e+01 -2.017e+00 -5.305e+00 -4.662e+00 -1.631e+01 -1.751e+01 -1.178e+01 -2.806e+00
+8.540 +7.540 11.422  2.880 0.250 0.000 1.000   nan -1.496e-01 -5.591e-01 -2.517e+00 -4.429e+00 -1.180e+01 -2.957e+00 -5.376e+00 -1.509e+01 -2.017e+00 -5.305e+00 -4.662e+00 -1.631e+01 -1.751e+01 -1.176e+01 -2.806e+00
+8.567 +7.567 11.449  2.880 0.250 0.000 1.000 -2.321e+01 -1.496e-01 -5.591e-01 -2.517e+00 -4.428e+00 -1.180e+01 -2.957e+00 -5.377e+00 -1.509e+01 -2.017e+00 -5.305e+00 -4.662e+00 -1.631e+01 -1.751e+01 -1.173e+01 -2.806e+00
+8.595 +7.595 11.477  2.880 0.250 0.000 1.000   nan -1.496e-01 -5.591e-01 -2.517e+00 -4.428e+00 -1.180e+01 -2.957e+00 -5.378e+00 -1.509e+01 -2.017e+00 -5.305e+00 -4.662e+00 -1.631e+01 -1.751e+01 -1.170e+01 -2.806e+00
+8.622 +7.622 11.504  2.880 0.250 0.000 1.000 -2.321e+01 -1.496e-01 -5.591e-01 -2.517e+00 -4.427e+00 -1.180e+01 -2.957e+00 -5.379e+00 -1.509e+01 -2.017e+00 -5.305e+00 -4.662e+00 -1.631e+01 -1.751e+01 -1.167e+01 -2.806e+00
+8.650 +7.650 11.531  2.879 0.250 0.000 1.000   nan -1.496e-01 -5.591e-01 -2.517e+00 -4.427e+00 -1.180e+01 -2.957e+00 -5.381e+00 -1.509e+01 -2.017e+00 -5.305e+00 -4.662e+00 -1.631e+01 -1.751e+01 -1.165e+01 -2.806e+00
+8.677 +7.677 11.559  2.879 0.250 0.000 1.000 -2.321e+01 -1.496e-01 -5.591e-01 -2.517e+00 -4.426e+00 -1.180e+01 -2.957e+00 -5.382e+00 -1.509e+01 -2.017e+00 -5.305e+00 -4.662e+00 -1.631e+01 -1.751e+01 -1.162e+01 -2.806e+00
+8.705 +7.705 11.586  2.879 0.250 0.000 1.000   nan -1.496e-01 -5.591e-01 -2.517e+00 -4.426e+00 -1.180e+01 -2.957e+00 -5.384e+00 -1.509e+01 -2.017e+00 -5.305e+00 -4.662e+00 -1.631e+01 -1.751e+01 -1.159e+01 -2.806e+00
+8.732 +7.732 11.613  2.879 0.250 0.000 1.000 -2.321e+01 -1.496e-01 -5.591e-01 -2.517e+00 -4.425e+00 -1.180e+01 -2.957e+00 -5.385e+00 -1.509e+01 -2.017e+00 -5.305e+00 -4.662e+00 -1.631e+01 -1.751e+01 -1.156e+01 -2.806e+00
+8.760 +7.760 11.641  2.878 0.250 0.000 1.000   nan -1.496e-01 -5.591e-01 -2.517e+00 -4.424e+00 -1.180e+01 -2.957e+00 -5.387e+00 -1.509e+01 -2.017e+00 -5.305e+00 -4.662e+00 -1.631e+01 -1.751e+01 -1.154e+01 -2.806e+00
+8.787 +7.787 11.668  2.878 0.250 0.000 1.000 -2.321e+01 -1.496e-01 -5.591e-01 -2.517e+00 -4.423e+00 -1.180e+01 -2.957e+00 -5.389e+00 -1.509e+01 -2.017e+00 -5.305e+00 -4.662e+00 -1.631e+01 -1.751e+01 -1.151e+01 -2.806e+00
+8.815 +7.815 11.695  2.878 0.250 0.000 1.000   nan -1.496e-01 -5.591e-01 -2.517e+00 -4.423e+00 -1.180e+01 -2.957e+00 -5.391e+00 -1.509e+01 -2.017e+00 -5.305e+00 -4.662e+00 -1.631e+01 -1.751e+01 -1.148e+01 -2.806e+00
+8.842 +7.842 11.723  2.877 0.250 0.000 1.000 -2.321e+01 -1.496e-01 -5.591e-01 -2.517e+00 -4.422e+00 -1.180e+01 -2.957e+00 -5.393e+00 -1.509e+01 -2.017e+00 -5.305e+00 -4.662e+00 -1.631e+01 -1.751e+01 -1.145e+01 -2.806e+00
+8.870 +7.870 11.750  2.877 0.250 0.000 1.000   nan -1.496e-01 -5.591e-01 -2.517e+00 -4.421e+00 -1.180e+01 -2.957e+00 -5.395e+00 -1.509e+01 -2.017e+00 -5.305e+00 -4.662e+00 -1.631e+01 -1.751e+01 -1.143e+01 -2.806e+00
+8.897 +7.897 11.777  2.877 0.250 0.000 1.000 -2.321e+01 -1.496e-01 -5.591e-01 -2.517e+00 -4.420e+00 -1.180e+01 -2.957e+00 -5.397e+00 -1.509e+01 -2.017e+00 -5.305e+00 -4.662e+00 -1.631e+01 -1.751e+01 -1.140e+01 -2.806e+00
+8.925 +7.925 11.805  2.876 0.250 0.000 1.000   nan -1.496e-01 -5.591e-01 -2.517e+00 -4.419e+00 -1.180e+01 -2.957e+00 -5.400e+00 -1.509e+01 -2.017e+00 -5.305e+00 -4.662e+00 -1.631e+01 -1.751e+01 -1.137e+01 -2.806e+00
+8.952 +7.952 11.832  2.876 0.250 0.000 1.000 -2.321e+01 -1.496e-01 -5.591e-01 -2.517e+00 -4.418e+00 -1.180e+01 -2.957e+00 -5.403e+00 -1.509e+01 -2.017e+00 -5.305e+00 -4.662e+00 -1.631e+01 -1.751e+01 -1.134e+01 -2.806e+00
+8.980 +7.980 11.859  2.875 0.250 0.000 1.000   nan -1.496e-01 -5.591e-01 -2.517e+00 -4.417e+00 -1.180e+01 -2.957e+00 -5.405e+00 -1.509e+01 -2.017e+00 -5.305e+00 -4.662e+00 -1.631e+01 -1.751e+01 -1.132e+01 -2.806e+00
+9.007 +8.007 11.886  2.875 0.250 0.000 1.000 -2.321e+01 -1.496e-01 -5.591e-01 -2.517e+00 -4.415e+00 -1.180e+01 -2.957e+00 -5.408e+00 -1.509e+01 -2.017e+00 -5.305e+00 -4.662e+00 -1.631e+01 -1.751e+01 -1.129e+01 -2.806e+00
+9.035 +8.035 11.914  2.874 0.250 0.000 1.000   nan -1.496e-01 -5.591e-01 -2.517e+00 -4.414e+00 -1.180e+01 -2.957e+00 -5.412e+00 -1.509e+01 -2.017e+00 -5.305e+00 -4.662e+00 -1.631e+01 -1.751e+01 -1.126e+01 -2.806e+00
+9.062 +8.062 11.941  2.874 0.250 0.000 1.000 -2.321e+01 -1.496e-01 -5.591e-01 -2.517e+00 -4.413e+00 -1.180e+01 -2.957e+00 -5.415e+00 -1.509e+01 -2.017e+00 -5.305e+00 -4.662e+00 -1.631e+01 -1.751e+01 -1.123e+01 -2.806e+00
+9.090 +8.090 11.968  2.873 0.250 0.000 1.000   nan -1.496e-01 -5.591e-01 -2.517e+00 -4.411e+00 -1.180e+01 -2.957e+00 -5.419e+00 -1.509e+01 -2.017e+00 -5.305e+00 -4.662e+00 -1.631e+01 -1.751e+01 -1.121e+01 -2.806e+00
+9.117 +8.117 11.995  2.873 0.250 0.000 1.000 -2.321e+01 -1.496e-01 -5.591e-01 -2.517e+00 -4.410e+00 -1.180e+01 -2.957e+00 -5.423e+00 -1.509e+01 -2.017e+00 -5.305e+00 -4.662e+00 -1.631e+01 -1.751e+01 -1.118e+01 -2.806e+00
+9.145 +8.145 12.022  2.872 0.250 0.000 1.000   nan -1.496e-01 -5.591e-01 -2.517e+00 -4.408e+00 -1.180e+01 -2.957e+00 -5.427e+00 -1.509e+01 -2.017e+00 -5.305e+00 -4.662e+00 -1.631e+01 -1.751e+01 -1.115e+01 -2.806e+00
+9.172 +8.172 12.049  2.871 0.250 0.000 1.000 -2.321e+01 -1.496e-01 -5.591e-01 -2.517e+00 -4.406e+00 -1.180e+01 -2.957e+00 -5.431e+00 -1.509e+01 -2.017e+00 -5.305e+00 -4.662e+00 -1.631e+01 -1.751e+01 -1.112e+01 -2.806e+00
+9.200 +8.200 12.077  2.871 0.250 0.000 1.000   nan -1.496e-01 -5.591e-01 -2.517e+00 -4.404e+00 -1.180e+01 -2.957e+00 -5.436e+00 -1.509e+01 -2.017e+00 -5.305e+00 -4.662e+00 -1.631e+01 -1.751e+01 -1.110e+01 -2.806e+00
+9.227 +8.227 12.104  2.870 0.250 0.000 1.000 -2.321e+01 -1.496e-01 -5.591e-01 -2.517e+00 -4.402e+00 -1.180e+01 -2.957e+00 -5.441e+00 -1.509e+01 -2.017e+00 -5.305e+00 -4.662e+00 -1.631e+01 -1.751e+01 -1.107e+01 -2.806e+00
+9.255 +8.255 12.131  2.869 0.250 0.000 1.000   nan -1.496e-01 -5.591e-01 -2.517e+00 -4.400e+00 -1.180e+01 -2.957e+00 -5.446e+00 -1.509e+01 -2.017e+00 -5.305e+00 -4.662e+00 -1.631e+01 -1.751e+01 -1.104e+01 -2.806e+00
+9.282 +8.282 12.158  2.868 0.250 0.000 1.000 -2.321e+01 -1.496e-01 -5.591e-01 -2.517e+00 -4.398e+00 -1.180e+01 -2.957e+00 -5.452e+00 -1.509e+01 -2.017e+00 -5.305e+00 -4.662e+00 -1.631e+01 -1.751e+01 -1.101e+01 -2.806e+00
+9.310 +8.310 12.185  2.867 0.250 0.000 1.000   nan -1.496e-01 -5.591e-01 -2.517e+00 -4.395e+00 -1.180e+01 -2.957e+00 -5.458e+00 -1.509e+01 -2.017e+00 -5.305e+00 -4.662e+00 -1.631e+01 -1.751e+01 -1.099e+01 -2.806e+00
+9.337 +8.337 12.212  2.866 0.250 0.000 1.000 -2.321e+01 -1.496e-01 -5.591e-01 -2.517e+00 -4.393e+00 -1.180e+01 -2.957e+00 -5.465e+00 -1.509e+01 -2.017e+00 -5.305e+00 -4.662e+00 -1.631e+01 -1.751e+01 -1.096e+01 -2.806e+00
+9.365 +8.365 12.239  2.865 0.250 0.000 1.000   nan -1.496e-01 -5.591e-01 -2.517e+00 -4.390e+00 -1.180e+01 -2.957e+00 -5.472e+00 -1.509e+01 -2.017e+00 -5.305e+00 -4.662e+00 -1.631e+01 -1.751e+01 -1.093e+01 -2.806e+00
+9.392 +8.392 12.266  2.864 0.250 0.000 1.000 -2.321e+01 -1.496e-01 -5.591e-01 -2.517e+00 -4.387e+00 -1.180e+01 -2.957e+00 -5.479e+00 -1.509e+01 -2.017e+00 -5.305e+00 -4.662e+00 -1.631e+01 -1.751e+01 -1.090e+01 -2.806e+00
+9.420 +8.420 12.293  2.863 0.250 0.000 1.000   nan -1.496e-01 -5.591e-01 -2.517e+00 -4.384e+00 -1.180e+01 -2.957e+00 -5.487e+00 -1.509e+01 -2.017e+00 -5.305e+00 -4.662e+00 -1.631e+01 -1.751e+01 -1.088e+01 -2.806e+00
+9.447 +8.447 12.319  2.862 0.250 0.000 1.000 -2.321e+01 -1.496e-01 -5.591e-01 -2.518e+00 -4.381e+00 -1.180e+01 -2.957e+00 -5.495e+00 -1.509e+01 -2.017e+00 -5.305e+00 -4.662e+00 -1.631e+01 -1.751e+01 -1.085e+01 -2.806e+00
+9.475 +8.475 12.346  2.861 0.250 0.000 1.000   nan -1.496e-01 -5.591e-01 -2.518e+00 -4.378e+00 -1.180e+01 -2.957e+00 -5.504e+00 -1.509e+01 -2.017e+00 -5.305e+00 -4.662e+00 -1.631e+01 -1.751e+01 -1.082e+01 -2.806e+00
+9.502 +8.502 12.373  2.860 0.250 0.000 1.000 -2.321e+01 -1.496e-01 -5.591e-01 -2.518e+00 -4.374e+00 -1.180e+01 -2.957e+00 -5.514e+00 -1.509e+01 -2.017e+00 -5.304e+00 -4.662e+00 -1.631e+01 -1.751e+01 -1.079e+01 -2.806e+00
+9.530 +8.530 12.400  2.858 0.250 0.000 1.000   nan -1.496e-01 -5.591e-01 -2.518e+00 -4.371e+00 -1.180e+01 -2.957e+00 -5.524e+00 -1.509e+01 -2.017e+00 -5.304e+00 -4.662e+00 -1.631e+01 -1.751e+01 -1.077e+01 -2.806e+00
+9.557 +8.557 12.427  2.857 0.250 0.000 1.000 -2.321e+01 -1.496e-01 -5.591e-01 -2.518e+00 -4.367e+00 -1.180e+01 -2.957e+00 -5.534e+00 -1.509e+01 -2.017e+00 -5.304e+00 -4.662e+00 -1.631e+01 -1.751e+01 -1.074e+01 -2.806e+00
+9.585 +8.585 12.453  2.856 0.250 0.000 1.000   nan -1.496e-01 -5.591e-01 -2.518e+00 -4.363e+00 -1.180e+01 -2.957e+00 -5.546e+00 -1.509e+01 -2.017e+00 -5.304e+00 -4.662e+00 -1.631e+01 -1.751e+01 -1.071e+01 -2.806e+00
+9.612 +8.612 12.480  2.854 0.250 0.000 1.000 -2.321e+01 -1.496e-01 -5.591e-01 -2.518e+00 -4.358e+00 -1.180e+01 -2.957e+00 -5.558e+00 -1.509e+01 -2.017e+00 -5.304e+00 -4.662e+00 -1.631e+01 -1.751e+01 -1.068e+01 -2.806e+00
+9.640 +8.640 12.506  2.853 0.250 0.000 1.000   nan -1.496e-01 -5.591e-01 -2.518e+00 -4.354e+00 -1.180e+01 -2.957e+00 -5.571e+00 -1.509e+01 -2.017e+00 -5.304e+00 -4.662e+00 -1.631e+01 -1.751e+01 -1.066e+01 -2.806e+00
+9.667 +8.667 12.533  2.851 0.250 0.000 1.000 -2.321e+01 -1.496e-01 -5.591e-01 -2.518e+00 -4.349e+00 -1.180e+01 -2.957e+00 -5.585e+00 -1.509e+01 -2.017e+00 -5.304e+00 -4.662e+00 -1.631e+01 -1.751e+01 -1.063e+01 -2.806e+00
+9.695 +8.695 12.560  2.850 0.250 0.000 1.000   nan -1.496e-01 -5.591e-01 -2.518e+00 -4.344e+00 -1.180e+01 -2.957e+00 -5.600e+00 -1.509e+01 -2.017e+00 -5.304e+00 -4.662e+00 -1.631e+01 -1.751e+01 -1.060e+01 -2.806e+00
+9.722 +8.722 12.586  2.848 0.250 0.000 1.000 -2.321e+01 -1.496e-01 -5.591e-01 -2.518e+00 -4.338e+00 -1.180e+01 -2.957e+00 -5.615e+00 -1.509e+01 -2.017e+00 -5.304e+00 -4.662e+00 -1.631e+01 -1.751e+01 -1.057e+01 -2.806e+00
+9.750 +8.750 12.613  2.846 0.250 0.000 1.000   nan -1.496e-01 -5.591e-01 -2.518e+00 -4.332e+00 -1.180e+01 -2.957e+00 -5.632e+00 -1.509e+01 -2.017e+00 -5.304e+00 -4.662e+00 -1.631e+01 -1.751e+01 -1.055e+01 -2.806e+00
+9.777 +8.777 12.639  2.844 0.250 0.000 1.000 -2.321e+01 -1.496e-01 -5.591e-01 -2.518e+00 -4.327e+00 -1.180e+01 -2.957e+00 -5.650e+00 -1.509e+01 -2.017e+00 -5.304e+00 -4.662e+00 -1.631e+01 -1.751e+01 -1.052e+01 -2.806e+00
+9.805 +8.805 12.665  2.843 0.250 0.000 1.000   nan -1.496e-01 -5.591e-01 -2.518e+00 -4.320e+00 -1.180e+01 -2.957e+00 -5.669e+00 -1.509e+01 -2.017e+00 -5.304e+00 -4.662e+00 -1.631e+01 -1.751e+01 -1.049e+01 -2.806e+00
+9.832 +8.832 12.692  2.841 0.250 0.000 1.000 -2.321e+01 -1.496e-01 -5.591e-01 -2.518e+00 -4.314e+00 -1.180e+01 -2.957e+00 -5.689e+00 -1.509e+01 -2.017e+00 -5.304e+00 -4.662e+00 -1.631e+01 -1.751e+01 -1.046e+01 -2.806e+00
+9.860 +8.860 12.718  2.839 0.250 0.000 1.000   nan -1.496e-01 -5.591e-01 -2.518e+00 -4.307e+00 -1.180e+01 -2.957e+00 -5.711e+00 -1.509e+01 -2.017e+00 -5.304e+00 -4.662e+00 -1.631e+01 -1.751e+01 -1.044e+01 -2.806e+00
+9.887 +8.887 12.744  2.837 0.250 0.000 1.000 -2.321e+01 -1.496e-01 -5.591e-01 -2.519e+00 -4.300e+00 -1.180e+01 -2.957e+00 -5.733e+00 -1.509e+01 -2.017e+00 -5.304e+00 -4.663e+00 -1.631e+01 -1.751e+01 -1.041e+01 -2.806e+00
+9.915 +8.915 12.770  2.836 0.250 0.000 1.000   nan -1.496e-01 -5.591e-01 -2.519e+00 -4.292e+00 -1.180e+01 -2.957e+00 -5.758e+00 -1.509e+01 -2.017e+00 -5.304e+00 -4.663e+00 -1.631e+01 -1.751e+01 -1.038e+01 -2.806e+00
+9.942 +8.942 12.797  2.834 0.250 0.000 1.000 -2.321e+01 -1.496e-01 -5.591e-01 -2.519e+00 -4.284e+00 -1.180e+01 -2.957e+00 -5.784e+00 -1.509e+01 -2.017e+00 -5.304e+00 -4.663e+00 -1.631e+01 -1.751e+01 -1.035e+01 -2.806e+00
+9.970 +8.970 12.823  2.832 0.250 0.000 1.000   nan -1.496e-01 -5.591e-01 -2.519e+00 -4.276e+00 -1.180e+01 -2.957e+00 -5.811e+00 -1.509e+01 -2.017e+00 -5.304e+00 -4.663e+00 -1.631e+01 -1.751e+01 -1.033e+01 -2.806e+00
+9.997 +8.997 12.849  2.830 0.250 0.000 1.000 -2.321e+01 -1.496e-01 -5.591e-01 -2.519e+00 -4.268e+00 -1.180e+01 -2.957e+00 -5.841e+00 -1.509e+01 -2.017e+00 -5.304e+00 -4.663e+00 -1.631e+01 -1.751e+01 -1.030e+01 -2.806e+00
+10.025 +9.025 12.875  2.829 0.250 0.000 1.000   nan -1.496e-01 -5.591e-01 -2.519e+00 -4.259e+00 -1.180e+01 -2.957e+00 -5.872e+00 -1.509e+01 -2.017e+00 -5.304e+00 -4.663e+00 -1.631e+01 -1.751e+01 -1.027e+01 -2.806e+00
+10.052 +9.052 12.901  2.827 0.250 0.000 1.000 -2.321e+01 -1.496e-01 -5.591e-01 -2.519e+00 -4.249e+00 -1.180e+01 -2.957e+00 -5.905e+00 -1.509e+01 -2.017e+00 -5.304e+00 -4.663e+00 -1.631e+01 -1.751e+01 -1.024e+01 -2.806e+00
+10.080 +9.080 12.927  2.825 0.250 0.000 1.000   nan -1.496e-01 -5.591e-01 -2.520e+00 -4.240e+00 -1.180e+01 -2.957e+00 -5.940e+00 -1.509e+01 -2.017e+00 -5.304e+00 -4.663e+00 -1.631e+01 -1.751e+01 -1.022e+01 -2.806e+00
+10.107 +9.107 12.953  2.824 0.250 0.000 1.000 -2.321e+01 -1.496e-01 -5.591e-01 -2.520e+00 -4.230e+00 -1.180e+01 -2.957e+00 -5.977e+00 -1.509e+01 -2.017e+00 -5.304e+00 -4.663e+00 -1.631e+01 -1.751e+01 -1.019e+01 -2.806e+00
+10.135 +9.135 12.979  2.822 0.250 0.000 1.000   nan -1.496e-01 -5.591e-01 -2.520e+00 -4.219e+00 -1.180e+01 -2.957e+00 -6.017e+00 -1.509e+01 -2.017e+00 -5.304e+00 -4.663e+00 -1.631e+01 -1.751e+01 -1.016e+01 -2.806e+00
+10.162 +9.162 13.006  2.821 0.250 0.000 1.000 -2.321e+01 -1.496e-01 -5.591e-01 -2.520e+00 -4.208e+00 -1.180e+01 -2.956e+00 -6.059e+00 -1.509e+01 -2.017e+00 -5.304e+00 -4.663e+00 -1.631e+01 -1.751e+01 -1.013e+01 -2.806e+00
+10.190 +9.190 13.032  2.820 0.250 0.000 1.000   nan -1.496e-01 -5.591e-01 -2.520e+00 -4.197e+00 -1.180e+01 -2.956e+00 -6.103e+00 -1.509e+01 -2.017e+00 -5.304e+00 -4.663e+00 -1.631e+01 -1.751e+01 -1.011e+01 -2.806e+00
+10.217 +9.217 13.058  2.819 0.250 0.000 1.000 -2.321e+01 -1.496e-01 -5.591e-01 -2.521e+00 -4.186e+00 -1.180e+01 -2.956e+00 -6.150e+00 -1.509e+01 -2.017e+00 -5.304e+00 -4.663e+00 -1.631e+01 -1.751e+01 -1.008e+01 -2.806e+00
+10.245 +9.245 13.084  2.818 0.250 0.000 1.000   nan -1.496e-01 -5.591e-01 -2.521e+00 -4.174e+00 -1.180e+01 -2.956e+00 -6.200e+00 -1.509e+01 -2.017e+00 -5.304e+00 -4.663e+00 -1.631e+01 -1.751e+01 -1.005e+01 -2.806e+00
+10.272 +9.272 13.110  2.817 0.250 0.000 1.000 -2.321e+01 -1.496e-01 -5.591e-01 -2.521e+00 -4.161e+00 -1.180e+01 -2.956e+00 -6.252e+00 -1.509e+01 -2.017e+00 -5.304e+00 -4.663e+00 -1.631e+01 -1.751e+01 -1.002e+01 -2.806e+00
+10.300 +9.300 13.136  2.817 0.250 0.000 1.000   nan -1.496e-01 -5.591e-01 -2.521e+00 -4.148e+00 -1.180e+01 -2.956e+00 -6.307e+00 -1.509e+01 -2.017e+00 -5.304e+00 -4.663e+00 -1.631e+01 -1.751e+01 -9.996e+00 -2.806e+00
+10.327 +9.327 13.163  2.816 0.250 0.000 1.000 -2.321e+01 -1.496e-01 -5.591e-01 -2.522e+00 -4.135e+00 -1.180e+01 -2.956e+00 -6.364e+00 -1.509e+01 -2.017e+00 -5.304e+00 -4.663e+00 -1.631e+01 -1.751e+01 -9.968e+00 -2.806e+00
+10.355 +9.355 13.189  2.816 0.250 0.000 1.000   nan -1.496e-01 -5.591e-01 -2.522e+00 -4.122e+00 -1.181e+01 -2.956e+00 -6.424e+00 -1.509e+01 -2.017e+00 -5.304e+00 -4.663e+00 -1.631e+01 -1.751e+01 -9.941e+00 -2.806e+00
+10.382 +9.382 13.216  2.816 0.250 0.000 1.000 -2.321e+01 -1.496e-01 -5.591e-01 -2.522e+00 -4.108e+00 -1.181e+01 -2.956e+00 -6.486e+00 -1.509e+01 -2.017e+00 -5.304e+00 -4.664e+00 -1.631e+01 -1.751e+01 -9.913e+00 -2.806e+00
+10.410 +9.410 13.242  2.817 0.250 0.000 1.000   nan -1.496e-01 -5.591e-01 -2.523e+00 -4.093e+00 -1.181e+01 -2.956e+00 -6.550e+00 -1.509e+01 -2.017e+00 -5.303e+00 -4.664e+00 -1.631e+01 -1.751e+01 -9.886e+00 -2.806e+00
+10.437 +9.437 13.269  2.817 0.250 0.000 1.000 -2.321e+01 -1.496e-01 -5.591e-01 -2.523e+00 -4.078e+00 -1.181e+01 -2.956e+00 -6.616e+00 -1.509e+01 -2.017e+00 -5.303e+00 -4.664e+00 -1.631e+01 -1.751e+01 -9.859e+00 -2.806e+00
+10.465 +9.465 13.295  2.818 0.250 0.000 1.000   nan -1.496e-01 -5.591e-01 -2.524e+00 -4.063e+00 -1.181e+01 -2.956e+00 -6.682e+00 -1.509e+01 -2.017e+00 -5.303e+00 -4.664e+00 -1.631e+01 -1.751e+01 -9.831e+00 -2.806e+00
+10.492 +9.492 13.322  2.819 0.250 0.000 1.000 -2.321e+01 -1.496e-01 -5.591e-01 -2.524e+00 -4.048e+00 -1.181e+01 -2.955e+00 -6.748e+00 -1.509e+01 -2.017e+00 -5.303e+00 -4.664e+00 -1.631e+01 -1.751e+01 -9.804e+00 -2.806e+00
+10.520 +9.520 13.349  2.820 0.250 0.000 1.000   nan -1.496e-01 -5.591e-01 -2.524e+00 -4.032e+00 -1.181e+01 -2.955e+00 -6.813e+00 -1.509e+01 -2.017e+00 -5.303e+00 -4.664e+00 -1.631e+01 -1.751e+01 -9.776e+00 -2.806e+00
+10.547 +9.547 13.376  2.821 0.250 0.000 1.000 -2.321e+01 -1.496e-01 -5.591e-01 -2.525e+00 -4.016e+00 -1.181e+01 -2.955e+00 -6.875e+00 -1.509e+01 -2.017e+00 -5.303e+00 -4.664e+00 -1.631e+01 -1.751e+01 -9.749e+00 -2.806e+00
+10.575 +9.575 13.403  2.823 0.250 0.000 1.000   nan -1.496e-01 -5.591e-01 -2.526e+00 -3.999e+00 -1.181e+01 -2.955e+00 -6.933e+00 -1.509e+01 -2.017e+00 -5.303e+00 -4.664e+00 -1.631e+01 -1.751e+01 -9.721e+00 -2.806e+00
+10.602 +9.602 13.431  2.825 0.250 0.000 1.000 -2.322e+01 -1.496e-01 -5.591e-01 -2.526e+00 -3.983e+00 -1.181e+01 -2.955e+00 -6.986e+00 -1.509e+01 -2.017e+00 -5.303e+00 -4.665e+00 -1.631e+01 -1.751e+01 -9.694e+00 -2.806e+00
+10.630 +9.630 13.458  2.827 0.250 0.000 1.000   nan -1.496e-01 -5.591e-01 -2.527e+00 -3.966e+00 -1.181e+01 -2.955e+00 -7.033e+00 -1.509e+01 -2.017e+00 -5.303e+00 -4.665e+00 -1.631e+01 -1.751e+01 -9.667e+00 -2.806e+00
+10.657 +9.657 13.486  2.829 0.250 0.000 1.000 -2.322e+01 -1.496e-01 -5.591e-01 -2.527e+00 -3.948e+00 -1.181e+01 -2.954e+00 -7.072e+00 -1.509e+01 -2.017e+00 -5.303e+00 -4.665e+00 -1.631e+01 -1.751e+01 -9.639e+00 -2.806e+00
+10.685 +9.685 13.513  2.831 0.250 0.000 1.000   nan -1.496e-01 -5.591e-01 -2.528e+00 -3.930e+00 -1.181e+01 -2.954e+00 -7.105e+00 -1.509e+01 -2.017e+00 -5.302e+00 -4.665e+00 -1.631e+01 -1.751e+01 -9.612e+00 -2.806e+00
+10.712 +9.712 13.541  2.834 0.250 0.000 1.000 -2.322e+01 -1.496e-01 -5.591e-01 -2.529e+00 -3.913e+00 -1.181e+01 -2.954e+00 -7.130e+00 -1.508e+01 -2.017e+00 -5.302e+00 -4.665e+00 -1.631e+01 -1.751e+01 -9.584e+00 -2.806e+00
+10.740 +9.740 13.569  2.836 0.250 0.000 1.000   nan -1.496e-01 -5.591e-01 -2.530e+00 -3.894e+00 -1.181e+01 -2.953e+00 -7.149e+00 -1.508e+01 -2.017e+00 -5.302e+00 -4.666e+00 -1.631e+01 -1.751e+01 -9.557e+00 -2.806e+00
+10.767 +9.767 13.597  2.839 0.250 0.000 1.000 -2.322e+01 -1.496e-01 -5.591e-01 -2.531e+00 -3.876e+00 -1.181e+01 -2.953e+00 -7.162e+00 -1.508e+01 -2.017e+00 -5.302e+00 -4.666e+00 -1.631e+01 -1.751e+01 -9.530e+00 -2.806e+00
+10.795 +9.795 13.625  2.842 0.250 0.000 1.000   nan -1.496e-01 -5.591e-01 -2.532e+00 -3.857e+00 -1.181e+01 -2.953e+00 -7.171e+00 -1.508e+01 -2.017e+00 -5.302e+00 -4.666e+00 -1.631e+01 -1.750e+01 -9.502e+00 -2.806e+00
+10.822 +9.822 13.654  2.845 0.250 0.000 1.000 -2.322e+01 -1.496e-01 -5.591e-01 -2.533e+00 -3.838e+00 -1.182e+01 -2.952e+00 -7.177e+00 -1.508e+01 -2.017e+00 -5.302e+00 -4.666e+00 -1.631e+01 -1.750e+01 -9.475e+00 -2.806e+00
+10.850 +9.850 13.683  2.849 0.250 0.000 1.000   nan -1.496e-01 -5.591e-01 -2.534e+00 -3.820e+00 -1.182e+01 -2.952e+00 -7.181e+00 -1.508e+01 -2.017e+00 -5.301e+00 -4.667e+00 -1.631e+01 -1.750e+01 -9.448e+00 -2.806e+00
+10.877 +9.877 13.711  2.852 0.250 0.000 1.000 -2.322e+01 -1.496e-01 -5.591e-01 -2.535e+00 -3.800e+00 -1.182e+01 -2.951e+00 -7.183e+00 -1.508e+01 -2.017e+00 -5.301e+00 -4.667e+00 -1.631e+01 -1.750e+01 -9.420e+00 -2.806e+00
+10.905 +9.905 13.740  2.856 0.250 0.000 1.000   nan -1.496e-01 -5.591e-01 -2.536e+00 -3.781e+00 -1.182e+01 -2.951e+00 -7.184e+00 -1.508e+01 -2.017e+00 -5.301e+00 -4.667e+00 -1.631e+01 -1.750e+01 -9.393e+00 -2.806e+00
+10.932 +9.932 13.769  2.860 0.250 0.000 1.000 -2.322e+01 -1.496e-01 -5.591e-01 -2.537e+00 -3.762e+00 -1.182e+01 -2.950e+00 -7.185e+00 -1.508e+01 -2.017e+00 -5.301e+00 -4.668e+00 -1.631e+01 -1.750e+01 -9.365e+00 -2.806e+00
+10.960 +9.960 13.798  2.864 0.250 0.000 1.000   nan -1.496e-01 -5.591e-01 -2.538e+00 -3.742e+00 -1.182e+01 -2.949e+00 -7.185e+00 -1.508e+01 -2.017e+00 -5.300e+00 -4.668e+00 -1.631e+01 -1.750e+01 -9.338e+00 -2.806e+00
+10.987 +9.987 13.828  2.868 0.250 0.000 1.000 -2.322e+01 -1.496e-01 -5.591e-01 -2.540e+00 -3.723e+00 -1.182e+01 -2.948e+00 -7.185e+00 -1.508e+01 -2.017e+00 -5.300e+00 -4.668e+00 -1.631e+01 -1.750e+01 -9.311e+00 -2.806e+00
+11.015 +10.015 13.857  2.872 0.250 0.000 1.000   nan -1.496e-01 -5.591e-01 -2.541e+00 -3.703e+00 -1.182e+01 -2.947e+00 -7.184e+00 -1.508e+01 -2.017e+00 -5.300e+00 -4.669e+00 -1.631e+01 -1.750e+01 -9.284e+00 -2.806e+00
+11.042 +10.042 13.887  2.876 0.250 0.000 1.000 -2.322e+01 -1.496e-01 -5.591e-01 -2.543e+00 -3.683e+00 -1.183e+01 -2.946e+00 -7.184e+00 -1.508e+01 -2.017e+00 -5.300e+00 -4.669e+00 -1.631e+01 -1.750e+01 -9.256e+00 -2.806e+00
+11.070 +10.070 13.917  2.881 0.250 0.000 1.000   nan -1.496e-01 -5.591e-01 -2.545e+00 -3.664e+00 -1.183e+01 -2.945e+00 -7.184e+00 -1.508e+01 -2.017e+00 -5.299e+00 -4.670e+00 -1.631e+01 -1.750e+01 -9.229e+00 -2.806e+00
+11.097 +10.097 13.947  2.885 0.250 0.000 1.000 -2.322e+01 -1.496e-01 -5.591e-01 -2.547e+00 -3.644e+00 -1.183e+01 -2.944e+00 -7.183e+00 -1.508e+01 -2.017e+00 -5.299e+00 -4.670e+00 -1.631e+01 -1.750e+01 -9.202e+00 -2.806e+00
+11.125 +9.600 13.977  2.893 0.250 0.000 1.000 -2.322e+01 -1.496e-01 -5.591e-01 -2.549e+00 -3.625e+00 -1.183e+01 -2.942e+00 -7.182e+00 -1.507e+01 -2.017e+00 -5.299e+00 -4.671e+00 -1.631e+01 -1.750e+01 -9.175e+00 -2.806e+00
+11.152 +9.977 14.007  2.897 0.250 0.000 1.000 -2.322e+01 -1.496e-01 -5.591e-01 -2.551e+00 -3.605e+00 -1.183e+01 -2.941e+00 -7.181e+00 -1.507e+01 -2.017e+00 -5.298e+00 -4.671e+00 -1.631e+01 -1.750e+01 -9.147e+00 -2.806e+00
+11.180 +10.180 14.038  2.900 0.250 0.000 1.000   nan -1.496e-01 -5.591e-01 -2.553e+00 -3.586e+00 -1.184e+01 -2.939e+00 -7.181e+00 -1.507e+01 -2.017e+00 -5.298e+00 -4.672e+00 -1.631e+01 -1.750e+01 -9.120e+00 -2.806e+00
+11.207 +9.973 14.068  2.907 0.250 0.000 1.000   nan -1.496e-01 -5.591e-01 -2.555e+00 -3.567e+00 -1.184e+01 -2.937e+00 -7.180e+00 -1.507e+01 -2.017e+00 -5.297e+00 -4.673e+00 -1.631e+01 -1.750e+01 -9.093e+00 -2.806e+00
+11.235 +9.323 14.099  2.914 0.250 0.000 1.000   nan -1.496e-01 -5.591e-01 -2.558e+00 -3.548e+00 -1.184e+01 -2.935e+00 -7.179e+00 -1.507e+01 -2.017e+00 -5.297e+00 -4.673e+00 -1.631e+01 -1.750e+01 -9.066e+00 -2.806e+00
+11.262 +9.993 14.130  2.918 0.250 0.000 1.000 -2.323e+01 -1.496e-01 -5.591e-01 -2.561e+00 -3.529e+00 -1.184e+01 -2.932e+00 -7.177e+00 -1.506e+01 -2.017e+00 -5.296e+00 -4.674e+00 -1.631e+01 -1.750e+01 -9.039e+00 -2.806e+00
+11.290 +9.630 14.161  2.925 0.250 0.000 1.000 -2.323e+01 -1.496e-01 -5.591e-01 -2.564e+00 -3.510e+00 -1.185e+01 -2.929e+00 -7.176e+00 -1.506e+01 -2.017e+00 -5.296e+00 -4.675e+00 -1.631e+01 -1.750e+01 -9.012e+00 -2.806e+00
+11.317 +8.878 14.192  2.931 0.250 0.000 1.000   nan -1.496e-01 -5.591e-01 -2.567e+00 -3.492e+00 -1.185e+01 -2.926e+00 -7.174e+00 -1.506e+01 -2.017e+00 -5.295e+00 -4.676e+00 -1.631e+01 -1.750e+01 -8.984e+00 -2.806e+00
+11.345 +9.646 14.223  2.936 0.250 0.000 1.000 -2.323e+01 -1.496e-01 -5.591e-01 -2.570e+00 -3.474e+00 -1.185e+01 -2.923e+00 -7.172e+00 -1.505e+01 -2.017e+00 -5.295e+00 -4.676e+00 -1.631e+01 -1.750e+01 -8.957e+00 -2.806e+00
+11.372 +9.488 14.255  2.941 0.250 0.000 1.000   nan -1.496e-01 -5.591e-01 -2.573e+00 -3.456e+00 -1.186e+01 -2.919e+00 -7.170e+00 -1.505e+01 -2.017e+00 -5.294e+00 -4.677e+00 -1.631e+01 -1.750e+01 -8.930e+00 -2.806e+00
+11.400 +10.093 14.286  2.946 0.250 0.000 1.000 -2.323e+01 -1.496e-01 -5.591e-01 -2.577e+00 -3.439e+00 -1.186e+01 -2.915e+00 -7.168e+00 -1.505e+01 -2.017e+00 -5.293e+00 -4.678e+00 -1.631e+01 -1.750e+01 -8.903e+00 -2.806e+00
+11.427 +9.556 14.318  2.952 0.250 0.000 1.000   nan -1.496e-01 -5.591e-01 -2.581e+00 -3.422e+00 -1.186e+01 -2.911e+00 -7.166e+00 -1.504e+01 -2.017e+00 -5.293e+00 -4.680e+00 -1.631e+01 -1.750e+01 -8.876e+00 -2.806e+00
+11.455 +10.127 14.350  2.956 0.250 0.000 1.000 -2.323e+01 -1.496e-01 -5.591e-01 -2.585e+00 -3.405e+00 -1.187e+01 -2.906e+00 -7.163e+00 -1.504e+01 -2.017e+00 -5.292e+00 -4.681e+00 -1.631e+01 -1.749e+01 -8.849e+00 -2.806e+00
+11.482 +9.719 14.382  2.963 0.250 0.000 1.000   nan -1.496e-01 -5.591e-01 -2.590e+00 -3.389e+00 -1.187e+01 -2.901e+00 -7.160e+00 -1.503e+01 -2.017e+00 -5.291e+00 -4.682e+00 -1.631e+01 -1.749e+01 -8.823e+00 -2.806e+00
+11.510 +10.071 14.413  2.967 0.250 0.000 1.000 -2.324e+01 -1.496e-01 -5.591e-01 -2.595e+00 -3.373e+00 -1.188e+01 -2.895e+00 -7.156e+00 -1.503e+01 -2.017e+00 -5.290e+00 -4.683e+00 -1.631e+01 -1.749e+01 -8.796e+00 -2.806e+00
+11.537 +9.927 14.445  2.973 0.250 0.000 1.000   nan -1.496e-01 -5.591e-01 -2.600e+00 -3.358e+00 -1.188e+01 -2.888e+00 -7.153e+00 -1.502e+01 -2.017e+00 -5.289e+00 -4.685e+00 -1.631e+01 -1.749e+01 -8.769e+00 -2.806e+00
+11.565 +10.064 14.477  2.977 0.250 0.000 1.000 -2.324e+01 -1.496e-01 -5.591e-01 -2.605e+00 -3.344e+00 -1.189e+01 -2.882e+00 -7.149e+00 -1.501e+01 -2.017e+00 -5.288e+00 -4.686e+00 -1.631e+01 -1.749e+01 -8.742e+00 -2.806e+00
+11.592 +10.090 14.509  2.981 0.250 0.000 1.000   nan -1.496e-01 -5.591e-01 -2.611e+00 -3.330e+00 -1.189e+01 -2.874e+00 -7.144e+00 -1.501e+01 -2.017e+00 -5.287e+00 -4.688e+00 -1.631e+01 -1.749e+01 -8.715e+00 -2.806e+00
+11.620 +9.278 14.541  2.986 0.250 0.000 1.000   nan -1.496e-01 -5.591e-01 -2.617e+00 -3.317e+00 -1.190e+01 -2.866e+00 -7.139e+00 -1.500e+01 -2.017e+00 -5.286e+00 -4.689e+00 -1.631e+01 -1.749e+01 -8.689e+00 -2.806e+00
+11.647 +10.116 14.573  2.989 0.250 0.000 1.000 -2.325e+01 -1.497e-01 -5.591e-01 -2.624e+00 -3.304e+00 -1.191e+01 -2.857e+00 -7.134e+00 -1.499e+01 -2.017e+00 -5.285e+00 -4.691e+00 -1.631e+01 -1.749e+01 -8.662e+00 -2.806e+00
+11.675 +9.987 14.605  2.993 0.250 0.000 1.000 -2.325e+01 -1.497e-01 -5.591e-01 -2.631e+00 -3.293e+00 -1.191e+01 -2.848e+00 -7.128e+00 -1.498e+01 -2.017e+00 -5.284e+00 -4.693e+00 -1.631e+01 -1.749e+01 -8.636e+00 -2.806e+00
+11.702 +10.022 14.637  2.996 0.250 0.000 1.000 -2.325e+01 -1.497e-01 -5.591e-01 -2.638e+00 -3.282e+00 -1.192e+01 -2.838e+00 -7.122e+00 -1.497e+01 -2.017e+00 -5.282e+00 -4.695e+00 -1.631e+01 -1.749e+01 -8.609e+00 -2.806e+00
+11.730 +10.009 14.668  2.998 0.250 0.000 1.000 -2.325e+01 -1.497e-01 -5.591e-01 -2.646e+00 -3.272e+00 -1.193e+01 -2.828e+00 -7.115e+00 -1.496e+01 -2.017e+00 -5.281e+00 -4.697e+00 -1.631e+01 -1.748e+01 -8.583e+00 -2.806e+00
+11.757 +9.438 14.700  3.000 0.250 0.000 1.000   nan -1.497e-01 -5.591e-01 -2.655e+00 -3.263e+00 -1.194e+01 -2.816e+00 -7.107e+00 -1.495e+01 -2.017e+00 -5.279e+00 -4.699e+00 -1.631e+01 -1.748e+01 -8.556e+00 -2.806e+00
+11.785 +9.627 14.731  3.002 0.250 0.000 1.000   nan -1.497e-01 -5.591e-01 -2.664e+00 -3.255e+00 -1.195e+01 -2.805e+00 -7.099e+00 -1.494e+01 -2.017e+00 -5.278e+00 -4.702e+00 -1.631e+01 -1.748e+01 -8.530e+00 -2.806e+00
+11.812 +9.675 14.762  3.002 0.250 0.000 1.000   nan -1.497e-01 -5.591e-01 -2.673e+00 -3.248e+00 -1.196e+01 -2.792e+00 -7.091e+00 -1.492e+01 -2.017e+00 -5.276e+00 -4.705e+00 -1.631e+01 -1.748e+01 -8.504e+00 -2.806e+00
+11.840 +9.798 14.793  3.002 0.250 0.000 1.000   nan -1.497e-01 -5.591e-01 -2.683e+00 -3.242e+00 -1.197e+01 -2.779e+00 -7.082e+00 -1.491e+01 -2.017e+00 -5.274e+00 -4.707e+00 -1.631e+01 -1.748e+01 -8.478e+00 -2.806e+00
+11.867 +9.760 14.824  3.001 0.250 0.000 1.000   nan -1.497e-01 -5.591e-01 -2.694e+00 -3.238e+00 -1.198e+01 -2.765e+00 -7.072e+00 -1.490e+01 -2.017e+00 -5.272e+00 -4.710e+00 -1.631e+01 -1.748e+01 -8.452e+00 -2.806e+00
+11.895 +9.958 14.854  2.998 0.250 0.000 1.000   nan -1.497e-01 -5.591e-01 -2.706e+00 -3.234e+00 -1.199e+01 -2.751e+00 -7.063e+00 -1.488e+01 -2.017e+00 -5.270e+00 -4.713e+00 -1.631e+01 -1.747e+01 -8.426e+00 -2.806e+00
+11.922 +10.187 14.884  2.996 0.250 0.000 1.000   nan -1.497e-01 -5.591e-01 -2.718e+00 -3.232e+00 -1.200e+01 -2.736e+00 -7.052e+00 -1.487e+01 -2.017e+00 -5.268e+00 -4.717e+00 -1.631e+01 -1.747e+01 -8.400e+00 -2.806e+00
+11.950 +10.265 14.914  2.992 0.250 0.000 1.000   nan -1.497e-01 -5.591e-01 -2.731e+00 -3.231e+00 -1.201e+01 -2.721e+00 -7.041e+00 -1.485e+01 -2.017e+00 -5.266e+00 -4.720e+00 -1.631e+01 -1.747e+01 -8.374e+00 -2.806e+00
+11.977 +9.823 14.943  2.986 0.250 0.000 1.000 -2.327e+01 -1.497e-01 -5.591e-01 -2.745e+00 -3.232e+00 -1.203e+01 -2.705e+00 -7.030e+00 -1.484e+01 -2.017e+00 -5.263e+00 -4.724e+00 -1.631e+01 -1.747e+01 -8.349e+00 -2.806e+00
+12.005 +9.954 14.971  2.980 0.250 0.000 1.000   nan -1.497e-01 -5.591e-01 -2.760e+00 -3.235e+00 -1.204e+01 -2.689e+00 -7.018e+00 -1.482e+01 -2.017e+00 -5.261e+00 -4.728e+00 -1.631e+01 -1.746e+01 -8.323e+00 -2.806e+00
+12.032 +10.189 14.999  2.972 0.250 0.000 1.000 -2.328e+01 -1.497e-01 -5.591e-01 -2.776e+00 -3.239e+00 -1.206e+01 -2.672e+00 -7.006e+00 -1.480e+01 -2.017e+00 -5.258e+00 -4.733e+00 -1.631e+01 -1.746e+01 -8.298e+00 -2.806e+00
+12.060 +10.292 15.027  2.963 0.250 0.000 1.000   nan -1.497e-01 -5.591e-01 -2.793e+00 -3.244e+00 -1.208e+01 -2.656e+00 -6.993e+00 -1.479e+01 -2.017e+00 -5.255e+00 -4.737e+00 -1.631e+01 -1.746e+01 -8.272e+00 -2.806e+00
+12.087 +9.934 15.054  2.952 0.250 0.000 1.000   nan -1.497e-01 -5.591e-01 -2.811e+00 -3.252e+00 -1.209e+01 -2.639e+00 -6.981e+00 -1.477e+01 -2.017e+00 -5.252e+00 -4.742e+00 -1.631e+01 -1.746e+01 -8.247e+00 -2.806e+00
+12.115 +10.287 15.080  2.941 0.250 0.000 1.000   nan -1.497e-01 -5.591e-01 -2.830e+00 -3.261e+00 -1.211e+01 -2.622e+00 -6.968e+00 -1.475e+01 -2.017e+00 -5.249e+00 -4.747e+00 -1.631e+01 -1.745e+01 -8.222e+00 -2.806e+00
+12.142 +9.806 15.106  2.926 0.250 0.000 1.000 -2.329e+01 -1.498e-01 -5.591e-01 -2.851e+00 -3.272e+00 -1.213e+01 -2.605e+00 -6.955e+00 -1.474e+01 -2.017e+00 -5.246e+00 -4.753e+00 -1.631e+01 -1.745e+01 -8.198e+00 -2.806e+00
+12.170 +10.271 15.131  2.911 0.250 0.000 1.000   nan -1.498e-01 -5.591e-01 -2.872e+00 -3.286e+00 -1.215e+01 -2.588e+00 -6.942e+00 -1.472e+01 -2.017e+00 -5.242e+00 -4.759e+00 -1.631e+01 -1.745e+01 -8.173e+00 -2.806e+00
+12.197 +10.233 15.155  2.894 0.250 0.000 1.000 -2.330e+01 -1.498e-01 -5.591e-01 -2.896e+00 -3.301e+00 -1.218e+01 -2.572e+00 -6.929e+00 -1.470e+01 -2.017e+00 -5.238e+00 -4.765e+00 -1.631e+01 -1.744e+01 -8.149e+00 -2.806e+00
+12.225 +10.438 15.178  2.876 0.250 0.000 1.000   nan -1.498e-01 -5.591e-01 -2.920e+00 -3.318e+00 -1.220e+01 -2.555e+00 -6.916e+00 -1.469e+01 -2.017e+00 -5.234e+00 -4.772e+00 -1.631e+01 -1.744e+01 -8.124e+00 -2.806e+00
+12.252 +10.080 15.201  2.854 0.250 0.000 1.000   nan -1.498e-01 -5.591e-01 -2.946e+00 -3.338e+00 -1.223e+01 -2.539e+00 -6.903e+00 -1.467e+01 -2.017e+00 -5.230e+00 -4.779e+00 -1.631e+01 -1.743e+01 -8.100e+00 -2.806e+00
+12.280 +10.207 15.222  2.831 0.250 0.000 1.000   nan -1.498e-01 -5.591e-01 -2.974e+00 -3.360e+00 -1.226e+01 -2.523e+00 -6.891e+00 -1.465e+01 -2.017e+00 -5.225e+00 -4.787e+00 -1.631e+01 -1.743e+01 -8.076e+00 -2.806e+00
+12.307 +10.376 15.243  2.806 0.250 0.000 1.000   nan -1.498e-01 -5.591e-01 -3.004e+00 -3.385e+00 -1.229e+01 -2.508e+00 -6.878e+00 -1.464e+01 -2.017e+00 -5.221e+00 -4.795e+00 -1.631e+01 -1.742e+01 -8.053e+00 -2.806e+00
+12.335 +9.790 15.263  2.778 0.250 0.000 1.000 -2.332e+01 -1.498e-01 -5.591e-01 -3.035e+00 -3.412e+00 -1.232e+01 -2.493e+00 -6.866e+00 -1.462e+01 -2.017e+00 -5.216e+00 -4.804e+00 -1.631e+01 -1.742e+01 -8.029e+00 -2.806e+00
+12.362 +9.801 15.282  2.748 0.250 0.000 1.000 -2.332e+01 -1.498e-01 -5.591e-01 -3.069e+00 -3.442e+00 -1.235e+01 -2.479e+00 -6.855e+00 -1.461e+01 -2.017e+00 -5.211e+00 -4.813e+00 -1.631e+01 -1.741e+01 -8.006e+00 -2.806e+00
+12.390 +9.952 15.300  2.716 0.250 0.000 1.000 -2.332e+01 -1.498e-01 -5.591e-01 -3.104e+00 -3.474e+00 -1.239e+01 -2.465e+00 -6.844e+00 -1.460e+01 -2.017e+00 -5.205e+00 -4.823e+00 -1.631e+01 -1.741e+01 -7.984e+00 -2.806e+00
+12.417 +9.705 15.317  2.681 0.250 0.000 1.000 -2.333e+01 -1.498e-01 -5.591e-01 -3.142e+00 -3.509e+00 -1.242e+01 -2.452e+00 -6.834e+00 -1.458e+01 -2.017e+00 -5.199e+00 -4.833e+00 -1.631e+01 -1.740e+01 -7.961e+00 -2.806e+00
+12.445 +9.616 15.333  2.644 0.250 0.000 1.000   nan -1.498e-01 -5.591e-01 -3.182e+00 -3.547e+00 -1.247e+01 -2.440e+00 -6.823e+00 -1.457e+01 -2.017e+00 -5.193e+00 -4.844e+00 -1.631e+01 -1.740e+01 -7.939e+00 -2.806e+00
+12.472 +10.117 15.348  2.605 0.250 0.000 1.000 -2.333e+01 -1.499e-01 -5.591e-01 -3.224e+00 -3.588e+00 -1.251e+01 -2.428e+00 -6.814e+00 -1.456e+01 -2.017e+00 -5.187e+00 -4.856e+00 -1.631e+01 -1.739e+01 -7.917e+00 -2.806e+00
+12.500 +10.318 15.363  2.564 0.250 0.000 1.000 -2.334e+01 -1.499e-01 -5.591e-01 -3.269e+00 -3.632e+00 -1.255e+01 -2.417e+00 -6.805e+00 -1.455e+01 -2.017e+00 -5.180e+00 -4.869e+00 -1.631e+01 -1.738e+01 -7.895e+00 -2.806e+00
+12.527 +10.303 15.376  2.520 0.250 0.000 1.000 -2.334e+01 -1.499e-01 -5.591e-01 -3.317e+00 -3.679e+00 -1.260e+01 -2.407e+00 -6.797e+00 -1.454e+01 -2.017e+00 -5.173e+00 -4.882e+00 -1.631e+01 -1.738e+01 -7.874e+00 -2.806e+00
+12.555 +10.061 15.388  2.472 0.250 0.000 1.000 -2.334e+01 -1.499e-01 -5.591e-01 -3.367e+00 -3.729e+00 -1.265e+01 -2.397e+00 -6.790e+00 -1.453e+01 -2.017e+00 -5.166e+00 -4.897e+00 -1.631e+01 -1.737e+01 -7.853e+00 -2.806e+00
+12.582 +9.744 15.400  2.422 0.250 0.000 1.000   nan -1.499e-01 -5.591e-01 -3.420e+00 -3.783e+00 -1.270e+01 -2.388e+00 -6.783e+00 -1.452e+01 -2.017e+00 -5.158e+00 -4.912e+00 -1.631e+01 -1.736e+01 -7.833e+00 -2.806e+00
+12.610 +10.456 15.411  2.371 0.250 0.000 1.000 -2.335e+01 -1.499e-01 -5.591e-01 -3.477e+00 -3.839e+00 -1.276e+01 -2.380e+00 -6.777e+00 -1.451e+01 -2.017e+00 -5.150e+00 -4.929e+00 -1.631e+01 -1.735e+01 -7.813e+00 -2.806e+00
+12.637 +10.025 15.420  2.316 0.250 0.000 1.000 -2.335e+01 -1.499e-01 -5.590e-01 -3.535e+00 -3.899e+00 -1.282e+01 -2.373e+00 -6.771e+00 -1.450e+01 -2.017e+00 -5.142e+00 -4.946e+00 -1.631e+01 -1.734e+01 -7.793e+00 -2.806e+00
+12.665 +10.651 15.429  2.261 0.312 0.000 1.000 -2.335e+01 -1.499e-01 -5.590e-01 -3.597e+00 -3.963e+00 -1.288e+01 -2.366e+00 -6.767e+00 -1.450e+01 -2.017e+00 -5.133e+00 -4.965e+00 -1.631e+01 -1.734e+01 -7.774e+00 -2.806e+00
+12.692 +10.671 15.438  2.203 0.312 0.000 1.000   nan -1.499e-01 -5.590e-01 -3.662e+00 -4.030e+00 -1.294e+01 -2.361e+00 -6.762e+00 -1.449e+01 -2.017e+00 -5.124e+00 -4.984e+00 -1.631e+01 -1.733e+01 -7.755e+00 -2.806e+00
+12.720 +10.602 15.445  2.142 0.312 0.000 1.000 -2.336e+01 -1.499e-01 -5.590e-01 -3.729e+00 -4.100e+00 -1.301e+01 -2.355e+00 -6.759e+00 -1.449e+01 -2.017e+00 -5.114e+00 -5.005e+00 -1.631e+01 -1.732e+01 -7.737e+00 -2.806e+00
+12.747 +9.910 15.452  2.079 0.250 0.000 1.000   nan -1.499e-01 -5.590e-01 -3.799e+00 -4.172e+00 -1.308e+01 -2.351e+00 -6.756e+00 -1.448e+01 -2.017e+00 -5.104e+00 -5.028e+00 -1.631e+01 -1.731e+01 -7.719e+00 -2.806e+00
+12.775 +9.856 15.458  2.018 0.250 0.000 1.000   nan -1.499e-01 -5.590e-01 -3.870e+00 -4.248e+00 -1.315e+01 -2.347e+00 -6.754e+00 -1.448e+01 -2.017e+00 -5.094e+00 -5.052e+00 -1.631e+01 -1.730e+01 -7.702e+00 -2.806e+00
+12.802 +10.388 15.464  1.958 0.250 0.000 1.000   nan -1.499e-01 -5.590e-01 -3.943e+00 -4.326e+00 -1.323e+01 -2.344e+00 -6.752e+00 -1.447e+01 -2.017e+00 -5.083e+00 -5.077e+00 -1.631e+01 -1.729e+01 -7.685e+00 -2.806e+00
+12.830 +10.711 15.469  1.899 0.312 0.000 1.000   nan -1.499e-01 -5.590e-01 -4.016e+00 -4.406e+00 -1.330e+01 -2.341e+00 -6.750e+00 -1.447e+01 -2.017e+00 -5.072e+00 -5.105e+00 -1.631e+01 -1.728e+01 -7.669e+00 -2.806e+00
+12.857 +10.888 15.474  1.843 0.312 0.000 1.000 -2.336e+01 -1.499e-01 -5.590e-01 -4.089e+00 -4.486e+00 -1.337e+01 -2.338e+00 -6.749e+00 -1.447e+01 -2.017e+00 -5.060e+00 -5.133e+00 -1.631e+01 -1.726e+01 -7.654e+00 -2.806e+00
+12.885 +10.336 15.478  1.787 0.250 0.000 1.000   nan -1.499e-01 -5.590e-01 -4.159e+00 -4.565e+00 -1.344e+01 -2.336e+00 -6.749e+00 -1.447e+01 -2.017e+00 -5.048e+00 -5.164e+00 -1.631e+01 -1.725e+01 -7.639e+00 -2.806e+00
+12.912 +10.802 15.482  1.739 0.312 0.000 1.000 -2.336e+01 -1.499e-01 -5.590e-01 -4.226e+00 -4.642e+00 -1.351e+01 -2.335e+00 -6.749e+00 -1.447e+01 -2.017e+00 -5.036e+00 -5.197e+00 -1.631e+01 -1.724e+01 -7.625e+00 -2.806e+00
+12.940 +10.043 15.486  1.694 0.250 0.000 1.000 -2.337e+01 -1.499e-01 -5.590e-01 -4.288e+00 -4.715e+00 -1.357e+01 -2.334e+00 -6.749e+00 -1.446e+01 -2.017e+00 -5.023e+00 -5.232e+00 -1.631e+01 -1.723e+01 -7.611e+00 -2.806e+00
+12.967 +10.864 15.490  1.657 0.312 0.000 1.000   nan -1.499e-01 -5.590e-01 -4.343e+00 -4.782e+00 -1.363e+01 -2.333e+00 -6.749e+00 -1.446e+01 -2.017e+00 -5.009e+00 -5.270e+00 -1.631e+01 -1.721e+01 -7.599e+00 -2.806e+00
+12.995 +11.289 15.494  1.628 0.312 0.000 1.000   nan -1.499e-01 -5.590e-01 -4.391e+00 -4.842e+00 -1.367e+01 -2.332e+00 -6.749e+00 -1.446e+01 -2.017e+00 -4.996e+00 -5.309e+00 -1.631e+01 -1.720e+01 -7.587e+00 -2.806e+00
+13.022 +10.777 15.498  1.600 0.312 0.000 1.000   nan -1.499e-01 -5.590e-01 -4.431e+00 -4.893e+00 -1.371e+01 -2.331e+00 -6.750e+00 -1.446e+01 -2.017e+00 -4.981e+00 -5.352e+00 -1.631e+01 -1.719e+01 -7.575e+00 -2.806e+00
+13.050 +11.657 15.501  1.584 0.312 0.000 1.000 -2.337e+01 -1.499e-01 -5.590e-01 -4.463e+00 -4.935e+00 -1.374e+01 -2.331e+00 -6.751e+00 -1.446e+01 -2.017e+00 -4.967e+00 -5.397e+00 -1.631e+01 -1.717e+01 -7.564e+00 -2.806e+00
+13.077 +10.912 15.505  1.565 0.312 0.000 1.000   nan -1.499e-01 -5.590e-01 -4.488e+00 -4.968e+00 -1.377e+01 -2.330e+00 -6.752e+00 -1.446e+01 -2.017e+00 -4.952e+00 -5.445e+00 -1.631e+01 -1.716e+01 -7.554e+00 -2.806e+00
+13.105 +10.958 15.509  1.554 0.312 0.000 1.000 -2.337e+01 -1.500e-01 -5.590e-01 -4.506e+00 -4.993e+00 -1.379e+01 -2.330e+00 -6.752e+00 -1.446e+01 -2.017e+00 -4.936e+00 -5.497e+00 -1.631e+01 -1.714e+01 -7.545e+00 -2.806e+00
+13.132 +10.955 15.513  1.547 0.312 0.000 1.000   nan -1.500e-01 -5.590e-01 -4.519e+00 -5.011e+00 -1.380e+01 -2.330e+00 -6.753e+00 -1.446e+01 -2.017e+00 -4.920e+00 -5.551e+00 -1.631e+01 -1.712e+01 -7.537e+00 -2.806e+00
+13.160 +11.796 15.517  1.542 0.312 0.000 1.000   nan -1.500e-01 -5.590e-01 -4.528e+00 -5.024e+00 -1.381e+01 -2.330e+00 -6.754e+00 -1.446e+01 -2.017e+00 -4.904e+00 -5.610e+00 -1.631e+01 -1.711e+01 -7.529e+00 -2.806e+00
+13.187 +11.374 15.521  1.538 0.312 0.000 1.000 -2.337e+01 -1.500e-01 -5.590e-01 -4.534e+00 -5.032e+00 -1.382e+01 -2.330e+00 -6.755e+00 -1.446e+01 -2.017e+00 -4.887e+00 -5.672e+00 -1.631e+01 -1.709e+01 -7.522e+00 -2.806e+00
+13.215 +11.793 15.526  1.535 0.312 0.000 1.000   nan -1.500e-01 -5.589e-01 -4.538e+00 -5.038e+00 -1.382e+01 -2.330e+00 -6.756e+00 -1.446e+01 -2.017e+00 -4.870e+00 -5.739e+00 -1.631e+01 -1.708e+01 -7.516e+00 -2.806e+00
+13.242 +11.604 15.530  1.533 0.312 0.000 1.000 -2.337e+01 -1.500e-01 -5.589e-01 -4.541e+00 -5.042e+00 -1.382e+01 -2.330e+00 -6.756e+00 -1.446e+01 -2.017e+00 -4.852e+00 -5.810e+00 -1.631e+01 -1.706e+01 -7.510e+00 -2.806e+00
+13.270 +11.550 15.535  1.532 0.375 0.000 1.000 -2.400e+01 -1.500e-01 -5.589e-01 -4.543e+00 -5.044e+00 -1.383e+01 -2.330e+00 -6.757e+00 -1.446e+01 -2.017e+00 -4.834e+00 -5.886e+00 -1.631e+01 -1.704e+01 -7.505e+00 -2.806e+00
+13.297 +11.488 15.541  1.531 0.375 0.000 1.000 -2.400e+01 -1.500e-01 -5.589e-01 -4.544e+00 -5.046e+00 -1.383e+01 -2.330e+00 -6.758e+00 -1.446e+01 -2.017e+00 -4.816e+00 -5.966e+00 -1.631e+01 -1.702e+01 -7.501e+00 -2.806e+00
+13.325 +11.874 15.546  1.530 0.375 0.000 1.000 -2.400e+01 -1.500e-01 -5.589e-01 -4.545e+00 -5.047e+00 -1.383e+01 -2.330e+00 -6.758e+00 -1.446e+01 -2.017e+00 -4.797e+00 -6.052e+00 -1.631e+01 -1.700e+01 -7.497e+00 -2.806e+00
+13.352 +12.103 15.552  1.530 0.375 0.000 1.000 -2.400e+01 -1.500e-01 -5.589e-01 -4.546e+00 -5.048e+00 -1.383e+01 -2.330e+00 -6.759e+00 -1.446e+01 -2.017e+00 -4.778e+00 -6.144e+00 -1.631e+01 -1.699e+01 -7.494e+00 -2.806e+00
+13.380 +11.610 15.558  1.529 0.375 0.000 1.000 -2.400e+01 -1.500e-01 -5.589e-01 -4.547e+00 -5.048e+00 -1.383e+01 -2.330e+00 -6.759e+00 -1.446e+01 -2.017e+00 -4.759e+00 -6.243e+00 -1.631e+01 -1.696e+01 -7.492e+00 -2.806e+00
+13.407 +11.842 15.564  1.529 0.375 0.000 1.000 -2.400e+01 -1.500e-01 -5.589e-01 -4.547e+00 -5.049e+00 -1.383e+01 -2.330e+00 -6.759e+00 -1.446e+01 -2.017e+00 -4.739e+00 -6.347e+00 -1.631e+01 -1.694e+01 -7.490e+00 -2.806e+00
+13.435 +12.291 15.571  1.529 0.375 0.000 1.000 -2.400e+01 -1.500e-01 -5.589e-01 -4.547e+00 -5.050e+00 -1.383e+01 -2.330e+00 -6.760e+00 -1.446e+01 -2.017e+00 -4.719e+00 -6.457e+00 -1.631e+01 -1.693e+01 -7.488e+00 -2.806e+00
+13.462 +11.917 15.578  1.529 0.375 0.000 1.000 -2.400e+01 -1.500e-01 -5.588e-01 -4.548e+00 -5.050e+00 -1.383e+01 -2.330e+00 -6.760e+00 -1.446e+01 -2.017e+00 -4.698e+00 -6.576e+00 -1.631e+01 -1.690e+01 -7.487e+00 -2.806e+00
+13.490 +12.330 15.585  1.528 0.438 0.000 1.000 -2.400e+01 -1.500e-01 -5.588e-01 -4.548e+00 -5.050e+00 -1.383e+01 -2.330e+00 -6.760e+00 -1.446e+01 -2.017e+00 -4.677e+00 -6.700e+00 -1.631e+01 -1.689e+01 -7.487e+00 -2.806e+00
+13.517 +12.517 15.593  1.528 0.438 0.000 1.000 -2.400e+01 -1.500e-01 -5.588e-01 -4.548e+00 -5.050e+00 -1.383e+01 -2.330e+00 -6.760e+00 -1.446e+01 -2.017e+00 -4.656e+00 -6.835e+00 -1.631e+01 -1.687e+01 -7.486e+00 -2.806e+00
+13.545 +12.033 15.601  1.528 0.375 0.000 1.000 -2.400e+01 -1.500e-01 -5.588e-01 -4.548e+00 -5.051e+00 -1.383e+01 -2.330e+00 -6.760e+00 -1.446e+01 -2.017e+00 -4.635e+00 -6.972e+00 -1.631e+01 -1.684e+01 -7.486e+00 -2.806e+00
+13.572 +12.386 15.609  1.528 0.438 0.000 1.000 -2.400e+01 -1.500e-01 -5.588e-01 -4.549e+00 -5.051e+00 -1.383e+01 -2.330e+00 -6.760e+00 -1.446e+01 -2.017e+00 -4.613e+00 -7.111e+00 -1.631e+01 -1.682e+01 -7.487e+00 -2.806e+00
+13.600 +10.405 15.618  1.528 0.250 0.000 1.000 -2.344e+01 -1.500e-01 -5.587e-01 -4.549e+00 -5.051e+00 -1.383e+01 -2.330e+00 -6.760e+00 -1.446e+01 -2.017e+00 -4.591e+00 -7.259e+00 -1.631e+01 -1.679e+01 -7.487e+00 -2.806e+00
+13.627 +12.302 15.627  1.528 0.375 0.000 1.000 -2.400e+01 -1.500e-01 -5.587e-01 -4.549e+00 -5.051e+00 -1.383e+01 -2.330e+00 -6.760e+00 -1.446e+01 -2.017e+00 -4.569e+00 -7.391e+00 -1.631e+01 -1.678e+01 -7.488e+00 -2.806e+00
+13.655 +12.187 15.636  1.528 0.375 0.000 1.000 -2.400e+01 -1.501e-01 -5.587e-01 -4.549e+00 -5.051e+00 -1.383e+01 -2.330e+00 -6.760e+00 -1.446e+01 -2.018e+00 -4.546e+00 -7.519e+00 -1.631e+01 -1.675e+01 -7.489e+00 -2.806e+00
+13.682 +12.452 15.646  1.528 0.438 0.000 1.000 -2.400e+01 -1.501e-01 -5.587e-01 -4.549e+00 -5.051e+00 -1.383e+01 -2.330e+00 -6.760e+00 -1.446e+01 -2.018e+00 -4.524e+00 -7.627e+00 -1.631e+01 -1.673e+01 -7.489e+00 -2.806e+00
+13.710 +11.803 15.656  1.528 0.375 0.000 1.000 -2.400e+01 -1.501e-01 -5.587e-01 -4.549e+00 -5.051e+00 -1.383e+01 -2.330e+00 -6.761e+00 -1.446e+01 -2.018e+00 -4.501e+00 -7.714e+00 -1.631e+01 -1.671e+01 -7.490e+00 -2.806e+00
+13.737 +12.462 15.667  1.528 0.438 0.000 1.000 -2.400e+01 -1.501e-01 -5.586e-01 -4.549e+00 -5.051e+00 -1.383e+01 -2.330e+00 -6.761e+00 -1.446e+01 -2.018e+00 -4.478e+00 -7.766e+00 -1.631e+01 -1.669e+01 -7.492e+00 -2.806e+00
+13.765 +12.132 15.678  1.528 0.375 0.000 1.000 -2.400e+01 -1.501e-01 -5.586e-01 -4.549e+00 -5.051e+00 -1.383e+01 -2.330e+00 -6.761e+00 -1.446e+01 -2.018e+00 -4.454e+00 -7.795e+00 -1.631e+01 -1.666e+01 -7.493e+00 -2.806e+00
+13.792 +12.690 15.690  1.528 0.438 0.000 1.000 -2.400e+01 -1.501e-01 -5.586e-01 -4.549e+00 -5.051e+00 -1.383e+01 -2.330e+00 -6.761e+00 -1.446e+01 -2.018e+00 -4.430e+00 -7.801e+00 -1.631e+01 -1.664e+01 -7.494e+00 -2.806e+00
+13.820 +12.820 15.702  1.528 0.500 0.000 1.000 -2.400e+01 -1.501e-01 -5.585e-01 -4.549e+00 -5.051e+00 -1.383e+01 -2.330e+00 -6.761e+00 -1.446e+01 -2.018e+00 -4.407e+00 -7.797e+00 -1.631e+01 -1.662e+01 -7.496e+00 -2.806e+00
+13.847 +12.847 15.714  1.528 0.500 0.000 1.000 -2.400e+01 -1.501e-01 -5.585e-01 -4.549e+00 -5.051e+00 -1.383e+01 -2.330e+00 -6.761e+00 -1.446e+01 -2.018e+00 -4.383e+00 -7.782e+00 -1.631e+01 -1.660e+01 -7.497e+00 -2.806e+00
+13.875 +12.875 15.727  1.528 0.500 0.000 1.000 -2.400e+01 -1.502e-01 -5.585e-01 -4.549e+00 -5.051e+00 -1.383e+01 -2.330e+00 -6.761e+00 -1.446e+01 -2.018e+00 -4.358e+00 -7.761e+00 -1.631e+01 -1.657e+01 -7.499e+00 -2.806e+00
+13.902 +12.902 15.740  1.528 0.500 0.000 1.000 -2.400e+01 -1.502e-01 -5.584e-01 -4.549e+00 -5.051e+00 -1.383e+01 -2.330e+00 -6.761e+00 -1.446e+01 -2.018e+00 -4.334e+00 -7.737e+00 -1.631e+01 -1.655e+01 -7.501e+00 -2.806e+00
+13.930 +12.930 15.754  1.528 0.500 0.000 1.000 -2.400e+01 -1.502e-01 -5.584e-01 -4.549e+00 -5.051e+00 -1.383e+01 -2.330e+00 -6.761e+00 -1.446e+01 -2.018e+00 -4.310e+00 -7.711e+00 -1.631e+01 -1.653e+01 -7.502e+00 -2.806e+00
+13.957 +12.957 15.768  1.528 0.500 0.000 1.000 -2.400e+01 -1.502e-01 -5.583e-01 -4.549e+00 -5.051e+00 -1.383e+01 -2.330e+00 -6.761e+00 -1.446e+01 -2.019e+00 -4.285e+00 -7.685e+00 -1.631e+01 -1.650e+01 -7.504e+00 -2.806e+00
+13.985 +12.985 15.783  1.528 0.500 0.000 1.000 -2.400e+01 -1.502e-01 -5.583e-01 -4.549e+00 -5.051e+00 -1.383e+01 -2.330e+00 -6.761e+00 -1.446e+01 -2.019e+00 -4.260e+00 -7.659e+00 -1.631e+01 -1.648e+01 -7.506e+00 -2.806e+00
+14.012 +13.012 15.798  1.528 0.500 0.000 1.000 -2.400e+01 -1.502e-01 -5.582e-01 -4.549e+00 -5.051e+00 -1.383e+01 -2.330e+00 -6.761e+00 -1.446e+01 -2.019e+00 -4.235e+00 -7.633e+00 -1.631e+01 -1.645e+01 -7.508e+00 -2.806e+00
+14.040 +13.040 15.813  1.528 0.500 0.000 1.000 -2.400e+01 -1.503e-01 -5.582e-01 -4.549e+00 -5.051e+00 -1.383e+01 -2.330e+00 -6.761e+00 -1.446e+01 -2.019e+00 -4.210e+00 -7.608e+00 -1.632e+01 -1.643e+01 -7.511e+00 -2.806e+00
+14.067 +13.067 15.829  1.528 0.500 0.000 1.000 -2.400e+01 -1.503e-01 -5.581e-01 -4.549e+00 -5.051e+00 -1.383e+01 -2.330e+00 -6.761e+00 -1.446e+01 -2.019e+00 -4.185e+00 -7.582e+00 -1.632e+01 -1.640e+01 -7.513e+00 -2.806e+00
+14.095 +13.095 15.845  1.528 0.500 0.000 1.000 -2.400e+01 -1.503e-01 -5.581e-01 -4.549e+00 -5.051e+00 -1.383e+01 -2.330e+00 -6.761e+00 -1.446e+01 -2.019e+00 -4.160e+00 -7.556e+00 -1.632e+01 -1.638e+01 -7.515e+00 -2.806e+00
+14.122 +13.122 15.862  1.527 0.500 0.000 1.000 -2.400e+01 -1.503e-01 -5.580e-01 -4.549e+00 -5.051e+00 -1.383e+01 -2.330e+00 -6.761e+00 -1.446e+01 -2.019e+00 -4.134e+00 -7.529e+00 -1.632e+01 -1.635e+01 -7.518e+00 -2.806e+00
+14.150 +13.150 15.879  1.527 0.500 0.000 1.000 -2.400e+01 -1.504e-01 -5.579e-01 -4.549e+00 -5.051e+00 -1.383e+01 -2.330e+00 -6.761e+00 -1.446e+01 -2.020e+00 -4.109e+00 -7.502e+00 -1.632e+01 -1.633e+01 -7.520e+00 -2.806e+00
+14.177 +13.177 15.896  1.527 0.500 0.000 1.000 -2.400e+01 -1.504e-01 -5.578e-01 -4.549e+00 -5.051e+00 -1.383e+01 -2.330e+00 -6.761e+00 -1.446e+01 -2.020e+00 -4.083e+00 -7.475e+00 -1.632e+01 -1.630e+01 -7.523e+00 -2.806e+00
+14.205 +13.205 15.914  1.527 0.500 0.000 1.000 -2.400e+01 -1.504e-01 -5.578e-01 -4.549e+00 -5.051e+00 -1.383e+01 -2.330e+00 -6.761e+00 -1.446e+01 -2.020e+00 -4.058e+00 -7.448e+00 -1.632e+01 -1.627e+01 -7.526e+00 -2.806e+00
+14.232 +13.232 15.933  1.527 0.500 0.000 1.000 -2.400e+01 -1.505e-01 -5.577e-01 -4.549e+00 -5.051e+00 -1.383e+01 -2.330e+00 -6.761e+00 -1.446e+01 -2.020e+00 -4.032e+00 -7.421e+00 -1.632e+01 -1.625e+01 -7.529e+00 -2.806e+00
+14.260 +13.260 15.951  1.527 0.500 0.000 1.000 -2.400e+01 -1.505e-01 -5.576e-01 -4.549e+00 -5.051e+00 -1.383e+01 -2.330e+00 -6.761e+00 -1.446e+01 -2.020e+00 -4.006e+00 -7.394e+00 -1.632e+01 -1.622e+01 -7.532e+00 -2.806e+00
+14.287 +13.287 15.970  1.527 0.500 0.000 1.000 -2.400e+01 -1.505e-01 -5.575e-01 -4.549e+00 -5.051e+00 -1.383e+01 -2.330e+00 -6.761e+00 -1.446e+01 -2.021e+00 -3.980e+00 -7.367e+00 -1.632e+01 -1.620e+01 -7.535e+00 -2.806e+00
+14.315 +13.315 15.990  1.527 0.500 0.000 1.000 -2.400e+01 -1.506e-01 -5.574e-01 -4.549e+00 -5.051e+00 -1.383e+01 -2.330e+00 -6.761e+00 -1.446e+01 -2.021e+00 -3.955e+00 -7.340e+00 -1.632e+01 -1.617e+01 -7.538e+00 -2.806e+00
+14.342 +13.342 16.009  1.527 0.562 0.000 1.000 -2.400e+01 -1.506e-01 -5.573e-01 -4.549e+00 -5.051e+00 -1.383e+01 -2.330e+00 -6.761e+00 -1.446e+01 -2.021e+00 -3.929e+00 -7.323e+00 -1.632e+01 -1.615e+01 -7.542e+00 -2.806e+00
+14.370 +13.370 16.030  1.527 0.562 0.000 1.000 -2.400e+01 -1.507e-01 -5.571e-01 -4.549e+00 -5.051e+00 -1.383e+01 -2.330e+00 -6.761e+00 -1.446e+01 -2.022e+00 -3.903e+00 -7.298e+00 -1.632e+01 -1.612e+01 -7.545e+00 -2.806e+00
+14.397 +13.397 16.050  1.527 0.562 0.000 1.000 -2.400e+01 -1.507e-01 -5.570e-01 -4.549e+00 -5.051e+00 -1.383e+01 -2.330e+00 -6.761e+00 -1.446e+01 -2.022e+00 -3.877e+00 -7.272e+00 -1.632e+01 -1.609e+01 -7.548e+00 -2.806e+00
+14.425 +13.425 16.071  1.527 0.562 0.000 1.000 -2.400e+01 -1.508e-01 -5.569e-01 -4.549e+00 -5.051e+00 -1.383e+01 -2.330e+00 -6.761e+00 -1.446e+01 -2.022e+00 -3.851e+00 -7.246e+00 -1.632e+01 -1.607e+01 -7.552e+00 -2.806e+00
+14.452 +12.940 16.092  1.527 0.500 0.000 1.000 -2.400e+01 -1.508e-01 -5.567e-01 -4.549e+00 -5.051e+00 -1.383e+01 -2.330e+00 -6.761e+00 -1.446e+01 -2.023e+00 -3.825e+00 -7.206e+00 -1.632e+01 -1.603e+01 -7.555e+00 -2.806e+00
+14.480 +13.293 16.113  1.527 0.500 0.000 1.000 -2.400e+01 -1.509e-01 -5.566e-01 -4.549e+00 -5.051e+00 -1.383e+01 -2.330e+00 -6.761e+00 -1.446e+01 -2.023e+00 -3.798e+00 -7.174e+00 -1.632e+01 -1.601e+01 -7.558e+00 -2.806e+00
+14.507 +11.313 16.135  1.527 0.375 0.000 1.000 -2.400e+01 -1.510e-01 -5.564e-01 -4.549e+00 -5.051e+00 -1.383e+01 -2.330e+00 -6.761e+00 -1.446e+01 -2.023e+00 -3.772e+00 -7.161e+00 -1.632e+01 -1.598e+01 -7.561e+00 -2.806e+00
+14.535 +13.209 16.157  1.527 0.500 0.000 1.000 -2.400e+01 -1.510e-01 -5.563e-01 -4.549e+00 -5.051e+00 -1.383e+01 -2.330e+00 -6.761e+00 -1.446e+01 -2.024e+00 -3.746e+00 -7.118e+00 -1.632e+01 -1.596e+01 -7.564e+00 -2.806e+00
+14.562 +13.095 16.179  1.527 0.500 0.000 1.000 -2.400e+01 -1.511e-01 -5.561e-01 -4.549e+00 -5.051e+00 -1.383e+01 -2.330e+00 -6.761e+00 -1.446e+01 -2.024e+00 -3.720e+00 -7.095e+00 -1.632e+01 -1.593e+01 -7.567e+00 -2.806e+00
+14.590 +13.359 16.202  1.527 0.500 0.000 1.000 -2.400e+01 -1.512e-01 -5.559e-01 -4.549e+00 -5.051e+00 -1.383e+01 -2.330e+00 -6.760e+00 -1.446e+01 -2.025e+00 -3.694e+00 -7.066e+00 -1.632e+01 -1.590e+01 -7.569e+00 -2.806e+00
+14.617 +12.710 16.224  1.527 0.438 0.000 1.000 -2.400e+01 -1.513e-01 -5.557e-01 -4.549e+00 -5.051e+00 -1.383e+01 -2.330e+00 -6.761e+00 -1.446e+01 -2.025e+00 -3.668e+00 -7.048e+00 -1.632e+01 -1.587e+01 -7.571e+00 -2.806e+00
+14.645 +13.369 16.247  1.527 0.500 0.000 1.000 -2.400e+01 -1.513e-01 -5.554e-01 -4.549e+00 -5.051e+00 -1.383e+01 -2.330e+00 -6.760e+00 -1.446e+01 -2.026e+00 -3.642e+00 -7.013e+00 -1.632e+01 -1.585e+01 -7.573e+00 -2.806e+00
+14.672 +13.039 16.270  1.526 0.500 0.000 1.000 -2.400e+01 -1.514e-01 -5.552e-01 -4.549e+00 -5.051e+00 -1.383e+01 -2.330e+00 -6.760e+00 -1.446e+01 -2.027e+00 -3.616e+00 -6.990e+00 -1.632e+01 -1.582e+01 -7.574e+00 -2.806e+00
+14.700 +13.598 16.294  1.526 0.562 0.000 1.000 -2.400e+01 -1.515e-01 -5.550e-01 -4.549e+00 -5.051e+00 -1.383e+01 -2.330e+00 -6.760e+00 -1.446e+01 -2.027e+00 -3.590e+00 -6.968e+00 -1.632e+01 -1.580e+01 -7.574e+00 -2.806e+00
+14.727 +13.727 16.318  1.526 0.562 0.000 1.000 -2.400e+01 -1.516e-01 -5.547e-01 -4.549e+00 -5.051e+00 -1.383e+01 -2.330e+00 -6.760e+00 -1.446e+01 -2.028e+00 -3.564e+00 -6.952e+00 -1.633e+01 -1.578e+01 -7.573e+00 -2.806e+00
+14.755 +13.521 16.341  1.526 0.562 0.000 1.000 -2.400e+01 -1.518e-01 -5.544e-01 -4.549e+00 -5.051e+00 -1.383e+01 -2.330e+00 -6.760e+00 -1.446e+01 -2.029e+00 -3.538e+00 -6.914e+00 -1.633e+01 -1.575e+01 -7.572e+00 -2.806e+00
+14.782 +12.904 16.365  1.526 0.500 0.000 1.000 -2.400e+01 -1.519e-01 -5.541e-01 -4.549e+00 -5.051e+00 -1.383e+01 -2.330e+00 -6.760e+00 -1.446e+01 -2.029e+00 -3.512e+00 -6.888e+00 -1.633e+01 -1.572e+01 -7.570e+00 -2.806e+00
+14.810 +13.493 16.390  1.526 0.562 0.000 1.000 -2.400e+01 -1.520e-01 -5.538e-01 -4.549e+00 -5.051e+00 -1.383e+01 -2.330e+00 -6.760e+00 -1.446e+01 -2.030e+00 -3.486e+00 -6.858e+00 -1.633e+01 -1.570e+01 -7.566e+00 -2.806e+00
+14.837 +13.345 16.414  1.526 0.500 0.000 1.000 -2.400e+01 -1.521e-01 -5.534e-01 -4.548e+00 -5.051e+00 -1.383e+01 -2.330e+00 -6.760e+00 -1.446e+01 -2.031e+00 -3.460e+00 -6.828e+00 -1.633e+01 -1.567e+01 -7.561e+00 -2.806e+00
+14.865 +13.660 16.439  1.526 0.562 0.000 1.000 -2.400e+01 -1.523e-01 -5.531e-01 -4.548e+00 -5.051e+00 -1.383e+01 -2.330e+00 -6.760e+00 -1.446e+01 -2.032e+00 -3.434e+00 -6.809e+00 -1.633e+01 -1.565e+01 -7.555e+00 -2.806e+00
+14.892 +12.643 16.463  1.526 0.438 0.000 1.000 -2.400e+01 -1.524e-01 -5.527e-01 -4.548e+00 -5.051e+00 -1.383e+01 -2.330e+00 -6.760e+00 -1.446e+01 -2.033e+00 -3.408e+00 -6.788e+00 -1.633e+01 -1.561e+01 -7.547e+00 -2.806e+00
+14.920 +13.607 16.488  1.526 0.562 0.000 1.000 -2.400e+01 -1.526e-01 -5.523e-01 -4.548e+00 -5.051e+00 -1.383e+01 -2.329e+00 -6.760e+00 -1.446e+01 -2.034e+00 -3.383e+00 -6.754e+00 -1.633e+01 -1.559e+01 -7.537e+00 -2.806e+00
+14.947 +13.716 16.513  1.526 0.562 0.000 1.000 -2.400e+01 -1.528e-01 -5.518e-01 -4.548e+00 -5.051e+00 -1.383e+01 -2.329e+00 -6.760e+00 -1.446e+01 -2.035e+00 -3.357e+00 -6.731e+00 -1.633e+01 -1.557e+01 -7.525e+00 -2.806e+00
+14.975 +13.655 16.538  1.526 0.562 0.000 1.000 -2.400e+01 -1.530e-01 -5.514e-01 -4.548e+00 -5.050e+00 -1.383e+01 -2.329e+00 -6.760e+00 -1.446e+01 -2.037e+00 -3.331e+00 -6.702e+00 -1.634e+01 -1.554e+01 -7.512e+00 -2.806e+00
+15.002 +13.184 16.564  1.525 0.500 0.000 1.000 -2.400e+01 -1.532e-01 -5.509e-01 -4.548e+00 -5.050e+00 -1.383e+01 -2.329e+00 -6.760e+00 -1.446e+01 -2.038e+00 -3.306e+00 -6.670e+00 -1.634e+01 -1.551e+01 -7.496e+00 -2.806e+00
+15.030 +13.375 16.589  1.525 0.500 0.000 1.000 -2.400e+01 -1.534e-01 -5.503e-01 -4.548e+00 -5.050e+00 -1.383e+01 -2.329e+00 -6.760e+00 -1.446e+01 -2.039e+00 -3.281e+00 -6.645e+00 -1.634e+01 -1.549e+01 -7.478e+00 -2.806e+00
+15.057 +13.221 16.615  1.525 0.500 0.000 1.000 -2.400e+01 -1.536e-01 -5.498e-01 -4.548e+00 -5.050e+00 -1.383e+01 -2.329e+00 -6.759e+00 -1.446e+01 -2.041e+00 -3.256e+00 -6.618e+00 -1.634e+01 -1.546e+01 -7.458e+00 -2.806e+00
+15.085 +12.924 16.640  1.525 0.500 0.000 1.000 -2.400e+01 -1.539e-01 -5.492e-01 -4.547e+00 -5.050e+00 -1.383e+01 -2.329e+00 -6.759e+00 -1.446e+01 -2.042e+00 -3.230e+00 -6.594e+00 -1.634e+01 -1.544e+01 -7.437e+00 -2.806e+00
+15.112 +11.268 16.666  1.525 0.312 0.000 1.000 -2.400e+01 -1.541e-01 -5.485e-01 -4.547e+00 -5.050e+00 -1.384e+01 -2.329e+00 -6.759e+00 -1.446e+01 -2.044e+00 -3.206e+00 -6.570e+00 -1.634e+01 -1.541e+01 -7.413e+00 -2.806e+00
+15.140 +13.230 16.692  1.525 0.500 0.000 1.000 -2.400e+01 -1.544e-01 -5.479e-01 -4.547e+00 -5.049e+00 -1.384e+01 -2.329e+00 -6.759e+00 -1.446e+01 -2.046e+00 -3.181e+00 -6.543e+00 -1.635e+01 -1.539e+01 -7.388e+00 -2.806e+00
+15.167 +12.116 16.718  1.525 0.375 0.000 1.000 -2.400e+01 -1.547e-01 -5.471e-01 -4.547e+00 -5.049e+00 -1.384e+01 -2.328e+00 -6.758e+00 -1.446e+01 -2.048e+00 -3.156e+00 -6.518e+00 -1.635e+01 -1.536e+01 -7.361e+00 -2.806e+00
+15.195 +13.029 16.744  1.525 0.500 0.000 1.000 -2.400e+01 -1.550e-01 -5.464e-01 -4.546e+00 -5.049e+00 -1.384e+01 -2.328e+00 -6.758e+00 -1.446e+01 -2.050e+00 -3.132e+00 -6.493e+00 -1.635e+01 -1.534e+01 -7.333e+00 -2.806e+00
+15.222 +12.737 16.770  1.525 0.438 0.000 1.000 -2.400e+01 -1.553e-01 -5.455e-01 -4.546e+00 -5.048e+00 -1.384e+01 -2.328e+00 -6.758e+00 -1.446e+01 -2.052e+00 -3.107e+00 -6.468e+00 -1.635e+01 -1.532e+01 -7.303e+00 -2.806e+00
+15.250 +13.048 16.796  1.525 0.500 0.000 1.000 -2.400e+01 -1.557e-01 -5.447e-01 -4.546e+00 -5.048e+00 -1.384e+01 -2.327e+00 -6.757e+00 -1.446e+01 -2.054e+00 -3.083e+00 -6.444e+00 -1.636e+01 -1.529e+01 -7.273e+00 -2.806e+00
+15.277 +13.016 16.822  1.525 0.500 0.000 1.000 -2.400e+01 -1.561e-01 -5.437e-01 -4.545e+00 -5.048e+00 -1.383e+01 -2.327e+00 -6.757e+00 -1.446e+01 -2.057e+00 -3.059e+00 -6.420e+00 -1.636e+01 -1.527e+01 -7.242e+00 -2.806e+00
+15.305 +12.867 16.848  1.525 0.500 0.000 1.000 -2.400e+01 -1.565e-01 -5.428e-01 -4.545e+00 -5.047e+00 -1.383e+01 -2.326e+00 -6.756e+00 -1.446e+01 -2.059e+00 -3.035e+00 -6.396e+00 -1.636e+01 -1.525e+01 -7.210e+00 -2.806e+00
+15.332 +12.410 16.875  1.526 0.438 0.000 1.000 -2.400e+01 -1.569e-01 -5.417e-01 -4.544e+00 -5.046e+00 -1.383e+01 -2.326e+00 -6.756e+00 -1.446e+01 -2.062e+00 -3.012e+00 -6.373e+00 -1.636e+01 -1.522e+01 -7.178e+00 -2.806e+00
+15.360 +12.958 16.901  1.526 0.500 0.000 1.000 -2.400e+01 -1.574e-01 -5.406e-01 -4.543e+00 -5.046e+00 -1.383e+01 -2.325e+00 -6.755e+00 -1.446e+01 -2.065e+00 -2.989e+00 -6.349e+00 -1.637e+01 -1.520e+01 -7.146e+00 -2.806e+00
+15.387 +13.011 16.928  1.526 0.500 0.000 1.000 -2.400e+01 -1.579e-01 -5.394e-01 -4.543e+00 -5.045e+00 -1.383e+01 -2.325e+00 -6.754e+00 -1.446e+01 -2.068e+00 -2.966e+00 -6.326e+00 -1.637e+01 -1.518e+01 -7.113e+00 -2.806e+00
+15.415 +13.097 16.955  1.526 0.500 0.000 1.000 -2.400e+01 -1.584e-01 -5.382e-01 -4.542e+00 -5.044e+00 -1.383e+01 -2.324e+00 -6.754e+00 -1.446e+01 -2.072e+00 -2.943e+00 -6.303e+00 -1.638e+01 -1.516e+01 -7.081e+00 -2.806e+00
+15.442 +12.928 16.981  1.527 0.500 0.000 1.000 -2.400e+01 -1.589e-01 -5.368e-01 -4.541e+00 -5.043e+00 -1.383e+01 -2.323e+00 -6.753e+00 -1.446e+01 -2.075e+00 -2.921e+00 -6.280e+00 -1.638e+01 -1.513e+01 -7.048e+00 -2.806e+00
+15.470 +12.904 17.008  1.527 0.500 0.000 1.000 -2.400e+01 -1.595e-01 -5.354e-01 -4.540e+00 -5.042e+00 -1.383e+01 -2.322e+00 -6.751e+00 -1.446e+01 -2.079e+00 -2.898e+00 -6.258e+00 -1.638e+01 -1.511e+01 -7.016e+00 -2.806e+00
+15.497 +12.974 17.035  1.528 0.500 0.000 1.000 -2.400e+01 -1.602e-01 -5.339e-01 -4.539e+00 -5.041e+00 -1.383e+01 -2.321e+00 -6.750e+00 -1.446e+01 -2.083e+00 -2.877e+00 -6.236e+00 -1.639e+01 -1.509e+01 -6.984e+00 -2.806e+00
+15.525 +12.269 17.062  1.528 0.375 0.000 1.000 -2.400e+01 -1.609e-01 -5.323e-01 -4.537e+00 -5.040e+00 -1.383e+01 -2.319e+00 -6.749e+00 -1.446e+01 -2.087e+00 -2.855e+00 -6.215e+00 -1.639e+01 -1.507e+01 -6.953e+00 -2.806e+00
+15.552 +12.906 17.089  1.529 0.500 0.000 1.000 -2.400e+01 -1.616e-01 -5.306e-01 -4.536e+00 -5.038e+00 -1.383e+01 -2.318e+00 -6.747e+00 -1.446e+01 -2.092e+00 -2.834e+00 -6.194e+00 -1.640e+01 -1.505e+01 -6.923e+00 -2.806e+00
+15.580 +12.920 17.116  1.530 0.500 0.000 1.000 -2.400e+01 -1.624e-01 -5.288e-01 -4.534e+00 -5.036e+00 -1.383e+01 -2.316e+00 -6.746e+00 -1.446e+01 -2.096e+00 -2.813e+00 -6.173e+00 -1.640e+01 -1.503e+01 -6.893e+00 -2.806e+00
+15.607 +13.120 17.143  1.531 0.500 0.000 1.000 -2.400e+01 -1.632e-01 -5.268e-01 -4.532e+00 -5.034e+00 -1.383e+01 -2.315e+00 -6.744e+00 -1.446e+01 -2.102e+00 -2.793e+00 -6.153e+00 -1.641e+01 -1.501e+01 -6.864e+00 -2.806e+00
+15.635 +12.758 17.170  1.532 0.438 0.000 1.000 -2.400e+01 -1.641e-01 -5.248e-01 -4.530e+00 -5.032e+00 -1.383e+01 -2.312e+00 -6.742e+00 -1.446e+01 -2.107e+00 -2.773e+00 -6.133e+00 -1.642e+01 -1.499e+01 -6.835e+00 -2.806e+00
+15.662 +12.538 17.198  1.534 0.438 0.000 1.000 -2.400e+01 -1.651e-01 -5.226e-01 -4.528e+00 -5.030e+00 -1.383e+01 -2.310e+00 -6.739e+00 -1.446e+01 -2.113e+00 -2.754e+00 -6.113e+00 -1.642e+01 -1.497e+01 -6.808e+00 -2.806e+00
+15.690 +12.870 17.225  1.535 0.500 0.000 1.000 -2.400e+01 -1.661e-01 -5.202e-01 -4.525e+00 -5.027e+00 -1.382e+01 -2.308e+00 -6.737e+00 -1.445e+01 -2.119e+00 -2.735e+00 -6.094e+00 -1.643e+01 -1.495e+01 -6.781e+00 -2.806e+00
+15.717 +12.587 17.253  1.537 0.438 0.000 1.000 -2.400e+01 -1.672e-01 -5.178e-01 -4.522e+00 -5.024e+00 -1.382e+01 -2.305e+00 -6.734e+00 -1.445e+01 -2.125e+00 -2.717e+00 -6.076e+00 -1.644e+01 -1.494e+01 -6.756e+00 -2.806e+00
+15.745 +12.803 17.281  1.539 0.438 0.000 1.000 -2.400e+01 -1.684e-01 -5.151e-01 -4.519e+00 -5.021e+00 -1.382e+01 -2.302e+00 -6.731e+00 -1.445e+01 -2.132e+00 -2.699e+00 -6.058e+00 -1.645e+01 -1.492e+01 -6.731e+00 -2.806e+00
+15.772 +12.798 17.308  1.541 0.438 0.000 1.000 -2.400e+01 -1.696e-01 -5.123e-01 -4.515e+00 -5.018e+00 -1.382e+01 -2.298e+00 -6.727e+00 -1.445e+01 -2.140e+00 -2.682e+00 -6.041e+00 -1.646e+01 -1.491e+01 -6.707e+00 -2.806e+00
+15.800 +12.760 17.336  1.544 0.438 0.000 1.000 -2.400e+01 -1.710e-01 -5.093e-01 -4.511e+00 -5.014e+00 -1.382e+01 -2.295e+00 -6.723e+00 -1.445e+01 -2.147e+00 -2.665e+00 -6.024e+00 -1.646e+01 -1.489e+01 -6.685e+00 -2.806e+00
+15.827 +11.980 17.364  1.547 0.375 0.000 1.000 -2.400e+01 -1.725e-01 -5.062e-01 -4.507e+00 -5.010e+00 -1.381e+01 -2.290e+00 -6.719e+00 -1.444e+01 -2.156e+00 -2.650e+00 -6.009e+00 -1.647e+01 -1.488e+01 -6.663e+00 -2.806e+00
+15.855 +12.568 17.392  1.550 0.438 0.000 1.000 -2.400e+01 -1.740e-01 -5.028e-01 -4.503e+00 -5.005e+00 -1.381e+01 -2.286e+00 -6.714e+00 -1.444e+01 -2.164e+00 -2.635e+00 -5.993e+00 -1.648e+01 -1.486e+01 -6.643e+00 -2.806e+00
+15.882 +11.942 17.421  1.553 0.375 0.000 1.000 -2.400e+01 -1.757e-01 -4.992e-01 -4.498e+00 -5.000e+00 -1.381e+01 -2.281e+00 -6.709e+00 -1.444e+01 -2.174e+00 -2.620e+00 -5.979e+00 -1.650e+01 -1.485e+01 -6.623e+00 -2.806e+00
+15.910 +12.857 17.449  1.556 0.438 0.000 1.000 -2.400e+01 -1.776e-01 -4.954e-01 -4.492e+00 -4.995e+00 -1.380e+01 -2.276e+00 -6.704e+00 -1.443e+01 -2.183e+00 -2.607e+00 -5.965e+00 -1.651e+01 -1.484e+01 -6.605e+00 -2.806e+00
+15.937 +12.214 17.478  1.560 0.375 0.000 1.000 -2.400e+01 -1.795e-01 -4.913e-01 -4.486e+00 -4.989e+00 -1.380e+01 -2.270e+00 -6.698e+00 -1.443e+01 -2.194e+00 -2.594e+00 -5.953e+00 -1.652e+01 -1.483e+01 -6.588e+00 -2.806e+00
+15.965 +12.832 17.507  1.564 0.438 0.000 1.000 -2.400e+01 -1.817e-01 -4.869e-01 -4.480e+00 -4.983e+00 -1.380e+01 -2.263e+00 -6.692e+00 -1.443e+01 -2.205e+00 -2.582e+00 -5.941e+00 -1.653e+01 -1.482e+01 -6.572e+00 -2.806e+00
+15.992 +12.571 17.536  1.569 0.438 0.000 1.000 -2.400e+01 -1.840e-01 -4.823e-01 -4.473e+00 -4.976e+00 -1.379e+01 -2.257e+00 -6.685e+00 -1.442e+01 -2.216e+00 -2.571e+00 -5.930e+00 -1.655e+01 -1.481e+01 -6.557e+00 -2.806e+00
+16.020 +13.003 17.565  1.574 0.500 0.000 1.000 -2.400e+01 -1.865e-01 -4.774e-01 -4.466e+00 -4.969e+00 -1.379e+01 -2.250e+00 -6.678e+00 -1.442e+01 -2.229e+00 -2.561e+00 -5.920e+00 -1.656e+01 -1.480e+01 -6.544e+00 -2.806e+00
+16.047 +12.415 17.595  1.579 0.438 0.000 1.000 -2.400e+01 -1.892e-01 -4.721e-01 -4.458e+00 -4.961e+00 -1.378e+01 -2.242e+00 -6.670e+00 -1.441e+01 -2.242e+00 -2.552e+00 -5.911e+00 -1.658e+01 -1.479e+01 -6.531e+00 -2.806e+00
+16.075 +12.902 17.624  1.584 0.500 0.000 1.000 -2.400e+01 -1.921e-01 -4.665e-01 -4.450e+00 -4.953e+00 -1.378e+01 -2.234e+00 -6.662e+00 -1.441e+01 -2.255e+00 -2.544e+00 -5.903e+00 -1.659e+01 -1.479e+01 -6.521e+00 -2.806e+00
+16.102 +12.781 17.654  1.589 0.438 0.000 1.000 -2.400e+01 -1.953e-01 -4.606e-01 -4.442e+00 -4.944e+00 -1.377e+01 -2.225e+00 -6.653e+00 -1.440e+01 -2.270e+00 -2.538e+00 -5.896e+00 -1.661e+01 -1.479e+01 -6.511e+00 -2.806e+00
+16.130 +12.512 17.684  1.595 0.438 0.000 1.000 -2.400e+01 -1.988e-01 -4.542e-01 -4.433e+00 -4.935e+00 -1.377e+01 -2.216e+00 -6.644e+00 -1.440e+01 -2.285e+00 -2.532e+00 -5.891e+00 -1.663e+01 -1.478e+01 -6.503e+00 -2.806e+00
+16.157 +12.731 17.715  1.600 0.438 0.000 1.000 -2.400e+01 -2.025e-01 -4.475e-01 -4.423e+00 -4.926e+00 -1.376e+01 -2.207e+00 -6.635e+00 -1.439e+01 -2.301e+00 -2.528e+00 -5.886e+00 -1.665e+01 -1.478e+01 -6.496e+00 -2.806e+00
+16.185 +12.648 17.745  1.606 0.438 0.000 1.000 -2.400e+01 -2.066e-01 -4.404e-01 -4.414e+00 -4.916e+00 -1.375e+01 -2.197e+00 -6.625e+00 -1.438e+01 -2.317e+00 -2.525e+00 -5.883e+00 -1.667e+01 -1.478e+01 -6.491e+00 -2.806e+00
+16.212 +12.665 17.776  1.611 0.438 0.000 1.000 -2.400e+01 -2.111e-01 -4.328e-01 -4.404e+00 -4.906e+00 -1.375e+01 -2.187e+00 -6.615e+00 -1.438e+01 -2.335e+00 -2.523e+00 -5.881e+00 -1.669e+01 -1.479e+01 -6.487e+00 -2.806e+00
+16.240 +12.250 17.806  1.617 0.375 0.000 1.000 -2.400e+01 -2.160e-01 -4.248e-01 -4.393e+00 -4.896e+00 -1.374e+01 -2.176e+00 -6.605e+00 -1.437e+01 -2.353e+00 -2.522e+00 -5.881e+00 -1.672e+01 -1.479e+01 -6.484e+00 -2.806e+00
+16.267 +12.606 17.837  1.622 0.438 0.000 1.000 -2.400e+01 -2.213e-01 -4.163e-01 -4.383e+00 -4.885e+00 -1.374e+01 -2.166e+00 -6.594e+00 -1.437e+01 -2.372e+00 -2.523e+00 -5.882e+00 -1.674e+01 -1.480e+01 -6.484e+00 -2.806e+00
+16.295 +12.385 17.868  1.627 0.375 0.000 1.000 -2.400e+01 -2.271e-01 -4.073e-01 -4.372e+00 -4.874e+00 -1.373e+01 -2.155e+00 -6.583e+00 -1.436e+01 -2.392e+00 -2.526e+00 -5.884e+00 -1.677e+01 -1.481e+01 -6.484e+00 -2.806e+00
+16.322 +12.483 17.900  1.632 0.438 0.000 1.000 -2.400e+01 -2.334e-01 -3.978e-01 -4.361e+00 -4.863e+00 -1.373e+01 -2.144e+00 -6.572e+00 -1.436e+01 -2.413e+00 -2.530e+00 -5.888e+00 -1.679e+01 -1.482e+01 -6.487e+00 -2.806e+00
+16.350 +12.296 17.931  1.636 0.375 0.000 1.000 -2.400e+01 -2.404e-01 -3.879e-01 -4.350e+00 -4.852e+00 -1.372e+01 -2.133e+00 -6.561e+00 -1.435e+01 -2.435e+00 -2.535e+00 -5.894e+00 -1.682e+01 -1.483e+01 -6.491e+00 -2.806e+00
+16.377 +12.918 17.962  1.639 0.500 0.000 1.000 -2.400e+01 -2.480e-01 -3.774e-01 -4.339e+00 -4.841e+00 -1.372e+01 -2.121e+00 -6.550e+00 -1.435e+01 -2.457e+00 -2.542e+00 -5.901e+00 -1.685e+01 -1.484e+01 -6.497e+00 -2.806e+00
+16.405 +12.114 17.993  1.642 0.375 0.000 1.000 -2.400e+01 -2.562e-01 -3.665e-01 -4.328e+00 -4.830e+00 -1.372e+01 -2.110e+00 -6.539e+00 -1.435e+01 -2.480e+00 -2.551e+00 -5.909e+00 -1.688e+01 -1.486e+01 -6.504e+00 -2.806e+00
+16.432 +12.890 18.024  1.644 0.500 0.000 1.000 -2.400e+01 -2.653e-01 -3.550e-01 -4.317e+00 -4.819e+00 -1.372e+01 -2.099e+00 -6.528e+00 -1.435e+01 -2.504e+00 -2.561e+00 -5.919e+00 -1.691e+01 -1.488e+01 -6.513e+00 -2.806e+00
+16.460 +12.112 18.055  1.645 0.375 0.000 1.000 -2.400e+01 -2.751e-01 -3.432e-01 -4.306e+00 -4.808e+00 -1.371e+01 -2.089e+00 -6.518e+00 -1.434e+01 -2.528e+00 -2.572e+00 -5.931e+00 -1.695e+01 -1.490e+01 -6.523e+00 -2.806e+00
+16.487 +12.980 18.086  1.644 0.500 0.000 1.000 -2.400e+01 -2.859e-01 -3.309e-01 -4.296e+00 -4.798e+00 -1.372e+01 -2.078e+00 -6.507e+00 -1.435e+01 -2.553e+00 -2.585e+00 -5.944e+00 -1.698e+01 -1.492e+01 -6.536e+00 -2.806e+00
+16.515 +13.123 18.116  1.643 0.500 0.000 1.000 -2.400e+01 -2.977e-01 -3.182e-01 -4.285e+00 -4.788e+00 -1.372e+01 -2.068e+00 -6.497e+00 -1.435e+01 -2.578e+00 -2.600e+00 -5.958e+00 -1.702e+01 -1.495e+01 -6.549e+00 -2.806e+00
+16.542 +12.917 18.146  1.640 0.438 0.000 1.000 -2.400e+01 -3.105e-01 -3.051e-01 -4.275e+00 -4.778e+00 -1.372e+01 -2.058e+00 -6.487e+00 -1.435e+01 -2.603e+00 -2.616e+00 -5.974e+00 -1.706e+01 -1.498e+01 -6.565e+00 -2.806e+00
+16.570 +13.239 18.176  1.635 0.500 0.000 1.000 -2.400e+01 -3.245e-01 -2.917e-01 -4.266e+00 -4.768e+00 -1.372e+01 -2.048e+00 -6.478e+00 -1.435e+01 -2.629e+00 -2.633e+00 -5.991e+00 -1.710e+01 -1.501e+01 -6.581e+00 -2.806e+00
+16.597 +12.227 18.205  1.629 0.375 0.000 1.000 -2.400e+01 -3.397e-01 -2.780e-01 -4.257e+00 -4.759e+00 -1.373e+01 -2.039e+00 -6.469e+00 -1.436e+01 -2.655e+00 -2.651e+00 -6.010e+00 -1.714e+01 -1.504e+01 -6.599e+00 -2.806e+00
+16.625 +13.208 18.234  1.621 0.500 0.000 1.000 -2.400e+01 -3.562e-01 -2.642e-01 -4.248e+00 -4.751e+00 -1.374e+01 -2.030e+00 -6.460e+00 -1.437e+01 -2.680e+00 -2.671e+00 -6.029e+00 -1.718e+01 -1.508e+01 -6.618e+00 -2.806e+00
+16.652 +13.375 18.262  1.611 0.500 0.000 1.000 -2.400e+01 -3.741e-01 -2.501e-01 -4.240e+00 -4.742e+00 -1.375e+01 -2.022e+00 -6.452e+00 -1.438e+01 -2.706e+00 -2.691e+00 -6.050e+00 -1.723e+01 -1.512e+01 -6.638e+00 -2.806e+00
+16.680 +13.439 18.289  1.600 0.500 0.000 1.000 -2.400e+01 -3.936e-01 -2.360e-01 -4.232e+00 -4.735e+00 -1.376e+01 -2.014e+00 -6.444e+00 -1.439e+01 -2.730e+00 -2.712e+00 -6.071e+00 -1.727e+01 -1.516e+01 -6.659e+00 -2.806e+00
+16.707 +12.961 18.316  1.586 0.438 0.000 1.000 -2.400e+01 -4.147e-01 -2.219e-01 -4.225e+00 -4.727e+00 -1.377e+01 -2.007e+00 -6.437e+00 -1.440e+01 -2.755e+00 -2.734e+00 -6.093e+00 -1.732e+01 -1.520e+01 -6.681e+00 -2.806e+00
+16.735 +12.567 18.341  1.570 0.375 0.000 1.000 -2.400e+01 -4.375e-01 -2.079e-01 -4.218e+00 -4.720e+00 -1.379e+01 -2.000e+00 -6.430e+00 -1.442e+01 -2.778e+00 -2.757e+00 -6.115e+00 -1.736e+01 -1.525e+01 -6.703e+00 -2.806e+00
+16.762 +12.991 18.366  1.552 0.438 0.000 1.000 -2.400e+01 -4.623e-01 -1.939e-01 -4.212e+00 -4.714e+00 -1.381e+01 -1.993e+00 -6.423e+00 -1.444e+01 -2.801e+00 -2.779e+00 -6.138e+00 -1.741e+01 -1.529e+01 -6.725e+00 -2.806e+00
+16.790 +12.873 18.390  1.531 0.438 0.000 1.000 -2.400e+01 -4.890e-01 -1.801e-01 -4.206e+00 -4.708e+00 -1.383e+01 -1.987e+00 -6.417e+00 -1.446e+01 -2.822e+00 -2.802e+00 -6.160e+00 -1.746e+01 -1.534e+01 -6.748e+00 -2.806e+00
+16.817 +12.919 18.413  1.508 0.438 0.000 1.000 -2.400e+01 -5.178e-01 -1.666e-01 -4.200e+00 -4.703e+00 -1.385e+01 -1.982e+00 -6.412e+00 -1.448e+01 -2.843e+00 -2.824e+00 -6.183e+00 -1.751e+01 -1.540e+01 -6.771e+00 -2.806e+00
+16.845 +12.979 18.435  1.481 0.438 0.000 1.000 -2.400e+01 -5.489e-01 -1.535e-01 -4.195e+00 -4.697e+00 -1.388e+01 -1.977e+00 -6.407e+00 -1.451e+01 -2.862e+00 -2.846e+00 -6.205e+00 -1.756e+01 -1.545e+01 -6.793e+00 -2.806e+00
+16.872 +13.507 18.456  1.453 0.500 0.000 1.000 -2.400e+01 -5.824e-01 -1.407e-01 -4.191e+00 -4.693e+00 -1.391e+01 -1.972e+00 -6.402e+00 -1.454e+01 -2.880e+00 -2.868e+00 -6.226e+00 -1.761e+01 -1.550e+01 -6.815e+00 -2.806e+00
+16.900 +13.354 18.476  1.421 0.500 0.000 1.000 -2.400e+01 -6.184e-01 -1.283e-01 -4.186e+00 -4.689e+00 -1.394e+01 -1.968e+00 -6.398e+00 -1.457e+01 -2.896e+00 -2.889e+00 -6.247e+00 -1.766e+01 -1.556e+01 -6.836e+00 -2.806e+00
+16.927 +13.019 18.494  1.386 0.438 0.000 1.000 -2.400e+01 -6.572e-01 -1.165e-01 -4.182e+00 -4.685e+00 -1.397e+01 -1.964e+00 -6.394e+00 -1.460e+01 -2.912e+00 -2.909e+00 -6.267e+00 -1.771e+01 -1.562e+01 -6.856e+00 -2.806e+00
+16.955 +13.006 18.512  1.348 0.438 0.000 1.000 -2.400e+01 -6.988e-01 -1.052e-01 -4.179e+00 -4.681e+00 -1.401e+01 -1.960e+00 -6.391e+00 -1.464e+01 -2.925e+00 -2.928e+00 -6.286e+00 -1.777e+01 -1.568e+01 -6.875e+00 -2.806e+00
+16.982 +12.964 18.528  1.306 0.438 0.000 1.000 -2.400e+01 -7.435e-01 -9.450e-02 -4.176e+00 -4.678e+00 -1.405e+01 -1.957e+00 -6.388e+00 -1.468e+01 -2.938e+00 -2.945e+00 -6.304e+00 -1.783e+01 -1.574e+01 -6.893e+00 -2.806e+00
+17.010 +13.064 18.544  1.261 0.438 0.000 1.000 -2.400e+01 -7.914e-01 -8.443e-02 -4.173e+00 -4.675e+00 -1.410e+01 -1.954e+00 -6.385e+00 -1.473e+01 -2.949e+00 -2.962e+00 -6.320e+00 -1.789e+01 -1.581e+01 -6.910e+00 -2.806e+00
+17.037 +13.283 18.558  1.212 0.438 0.000 1.000 -2.400e+01 -8.428e-01 -7.501e-02 -4.171e+00 -4.673e+00 -1.415e+01 -1.952e+00 -6.382e+00 -1.478e+01 -2.959e+00 -2.977e+00 -6.336e+00 -1.795e+01 -1.587e+01 -6.926e+00 -2.806e+00
+17.065 +12.525 18.571  1.159 0.375 0.000 1.000 -2.400e+01 -8.978e-01 -6.627e-02 -4.168e+00 -4.671e+00 -1.420e+01 -1.949e+00 -6.380e+00 -1.483e+01 -2.968e+00 -2.991e+00 -6.350e+00 -1.801e+01 -1.594e+01 -6.940e+00 -2.806e+00
+17.092 +12.463 18.582  1.103 0.375 0.000 1.000 -2.400e+01 -9.568e-01 -5.822e-02 -4.166e+00 -4.668e+00 -1.426e+01 -1.947e+00 -6.378e+00 -1.489e+01 -2.976e+00 -3.004e+00 -6.363e+00 -1.808e+01 -1.601e+01 -6.953e+00 -2.806e+00
+17.120 +12.959 18.593  1.041 0.375 0.000 1.000 -2.400e+01 -1.020e+00 -5.086e-02 -4.164e+00 -4.667e+00 -1.432e+01 -1.946e+00 -6.376e+00 -1.495e+01 -2.983e+00 -3.016e+00 -6.374e+00 -1.815e+01 -1.609e+01 -6.965e+00 -2.806e+00
+17.147 +13.186 18.603  0.976 0.375 0.000 1.000 -2.400e+01 -1.087e+00 -4.420e-02 -4.163e+00 -4.665e+00 -1.438e+01 -1.944e+00 -6.374e+00 -1.501e+01 -2.989e+00 -3.026e+00 -6.384e+00 -1.822e+01 -1.617e+01 -6.976e+00 -2.806e+00
+17.175 +13.380 18.611  0.905 0.438 0.000 1.000 -2.400e+01 -1.159e+00 -3.822e-02 -4.161e+00 -4.663e+00 -1.445e+01 -1.942e+00 -6.373e+00 -1.508e+01 -2.994e+00 -3.035e+00 -6.394e+00 -1.830e+01 -1.625e+01 -6.985e+00 -2.806e+00
+17.202 +12.924 18.619  0.829 0.375 0.000 1.000 -2.400e+01 -1.237e+00 -3.291e-02 -4.160e+00 -4.662e+00 -1.453e+01 -1.941e+00 -6.372e+00 -1.516e+01 -2.998e+00 -3.043e+00 -6.401e+00 -1.838e+01 -1.633e+01 -6.993e+00 -2.806e+00
+17.230 +13.356 18.626  0.748 0.375 0.000 1.000 -2.400e+01 -1.319e+00 -2.823e-02 -4.159e+00 -4.661e+00 -1.461e+01 -1.940e+00 -6.370e+00 -1.524e+01 -3.002e+00 -3.050e+00 -6.408e+00 -1.847e+01 -1.642e+01 -7.000e+00 -2.806e+00
+17.257 +13.337 18.631  0.661 0.375 0.000 1.000 -2.400e+01 -1.407e+00 -2.417e-02 -4.158e+00 -4.660e+00 -1.470e+01 -1.939e+00 -6.369e+00 -1.533e+01 -3.005e+00 -3.056e+00 -6.414e+00 -1.856e+01 -1.652e+01 -7.006e+00 -2.806e+00
+17.285 +13.838 18.636  0.568 0.438 0.000 1.000 -2.400e+01 -1.501e+00 -2.069e-02 -4.157e+00 -4.659e+00 -1.479e+01 -1.938e+00 -6.368e+00 -1.542e+01 -3.008e+00 -3.061e+00 -6.419e+00 -1.865e+01 -1.661e+01 -7.012e+00 -2.806e+00
+17.312 +12.933 18.640  0.468 0.375 0.000 1.000 -2.400e+01 -1.601e+00 -1.773e-02 -4.156e+00 -4.658e+00 -1.489e+01 -1.937e+00 -6.368e+00 -1.552e+01 -3.010e+00 -3.065e+00 -6.423e+00 -1.876e+01 -1.672e+01 -7.016e+00 -2.806e+00
+17.340 +12.033 18.644  0.362 0.312 0.000 1.000 -2.400e+01 -1.708e+00 -1.526e-02 -4.155e+00 -4.657e+00 -1.500e+01 -1.936e+00 -6.367e+00 -1.563e+01 -3.011e+00 -3.069e+00 -6.427e+00 -1.887e+01 -1.683e+01 -7.019e+00 -2.806e+00
+17.367 +13.746 18.647  0.249 0.375 0.000 1.000 -2.400e+01 -1.823e+00 -1.323e-02 -4.154e+00 -4.657e+00 -1.511e+01 -1.936e+00 -6.366e+00 -1.574e+01 -3.013e+00 -3.071e+00 -6.430e+00 -1.898e+01 -1.695e+01 -7.022e+00 -2.806e+00
+17.395 +13.159 18.649  0.127 0.375 0.000 1.000 -2.400e+01 -1.944e+00 -1.158e-02 -4.154e+00 -4.656e+00 -1.523e+01 -1.935e+00 -6.366e+00 -1.586e+01 -3.014e+00 -3.074e+00 -6.432e+00 -1.910e+01 -1.707e+01 -7.025e+00 -2.806e+00
+17.422 +13.151 18.651 -0.002 0.375 0.000 1.000 -2.400e+01 -2.074e+00 -1.027e-02 -4.153e+00 -4.655e+00 -1.536e+01 -1.935e+00 -6.365e+00 -1.599e+01 -3.015e+00 -3.075e+00 -6.434e+00 -1.924e+01 -1.720e+01 -7.027e+00 -2.806e+00
+17.450 +14.124 18.652 -0.140 0.375 0.000 1.000 -2.400e+01 -2.213e+00 -9.311e-03 -4.153e+00 -4.655e+00 -1.550e+01 -1.934e+00 -6.365e+00 -1.613e+01 -3.016e+00 -3.077e+00 -6.435e+00 -1.937e+01 -1.734e+01 -7.028e+00 -2.806e+00
+17.477 +12.986 18.653 -0.288 0.375 0.000 1.000 -2.400e+01 -2.361e+00 -8.528e-03 -4.152e+00 -4.655e+00 -1.565e+01 -1.934e+00 -6.364e+00 -1.628e+01 -3.016e+00 -3.078e+00 -6.436e+00 -1.952e+01 -1.749e+01 -7.029e+00 -2.806e+00
+17.505 +13.607 18.654 -0.445 0.375 0.000 1.000 -2.400e+01 -2.519e+00 -7.941e-03 -4.152e+00 -4.654e+00 -1.580e+01 -1.934e+00 -6.364e+00 -1.643e+01 -3.017e+00 -3.079e+00 -6.437e+00 -1.968e+01 -1.765e+01 -7.030e+00 -2.806e+00
+17.532 +13.980 18.655 -0.613 0.375 0.000 1.000 -2.400e+01 -2.687e+00 -7.511e-03 -4.152e+00 -4.654e+00 -1.597e+01 -1.933e+00 -6.364e+00 -1.660e+01 -3.017e+00 -3.079e+00 -6.438e+00 -1.985e+01 -1.782e+01 -7.031e+00 -2.806e+00
+17.560 +13.606 18.655 -0.792 0.375 0.000 1.000 -2.400e+01 -2.866e+00 -7.204e-03 -4.151e+00 -4.653e+00 -1.615e+01 -1.933e+00 -6.363e+00 -1.678e+01 -3.017e+00 -3.080e+00 -6.438e+00 -2.003e+01 -1.800e+01 -7.031e+00 -2.806e+00
+17.587 +13.996 18.656 -0.983 0.375 0.000 1.000 -2.400e+01 -3.057e+00 -6.990e-03 -4.151e+00 -4.653e+00 -1.634e+01 -1.933e+00 -6.363e+00 -1.697e+01 -3.017e+00 -3.080e+00 -6.438e+00 -2.022e+01 -1.819e+01 -7.031e+00 -2.806e+00
+17.615 +13.646 18.656 -1.187 0.312 0.000 1.000 -2.400e+01 -3.261e+00 -6.845e-03 -4.151e+00 -4.652e+00 -1.655e+01 -1.933e+00 -6.363e+00 -1.718e+01 -3.017e+00 -3.080e+00 -6.438e+00 -2.042e+01 -1.839e+01 -7.031e+00 -2.806e+00
+17.642 +14.112 18.656 -1.404 0.375 0.000 1.000 -2.400e+01 -3.479e+00 -6.750e-03 -4.151e+00 -4.652e+00 -1.676e+01 -1.933e+00 -6.363e+00 -1.739e+01 -3.017e+00 -3.080e+00 -6.438e+00 -2.064e+01 -1.861e+01 -7.032e+00 -2.806e+00
+17.670 +14.544 18.656 -1.634 0.375 0.000 1.000 -2.400e+01 -3.711e+00 -6.689e-03 -4.150e+00 -4.651e+00 -1.699e+01 -1.933e+00 -6.362e+00 -1.762e+01 -3.017e+00 -3.080e+00 -6.438e+00 -2.087e+01 -1.884e+01 -7.032e+00 -2.806e+00
+17.697 +14.725 18.656 -1.881 0.375 0.000 1.000 -2.400e+01 -3.958e+00 -6.652e-03 -4.150e+00 -4.650e+00 -1.724e+01 -1.932e+00 -6.362e+00 -1.787e+01 -3.017e+00 -3.081e+00 -6.438e+00 -2.112e+01 -1.909e+01 -7.032e+00 -2.806e+00
+17.725 +15.105 18.656 -2.143 0.375 0.000 1.000 -2.400e+01 -4.222e+00 -6.630e-03 -4.150e+00 -4.654e+00 -1.750e+01 -1.932e+00 -6.363e+00 -1.813e+01 -3.017e+00 -3.081e+00 -6.437e+00 -2.138e+01 -1.935e+01 -7.032e+00 -2.806e+00
+17.752 +14.879 18.656 -2.426 0.375 0.000 1.000 -2.400e+01 -4.503e+00 -6.617e-03 -4.150e+00 -4.654e+00 -1.778e+01 -1.932e+00 -6.363e+00 -1.841e+01 -3.017e+00 -3.081e+00 -6.437e+00 -2.166e+01 -1.964e+01 -7.032e+00 -2.806e+00
+17.780 +14.794 18.656 -2.726 0.312 0.000 1.000 -2.400e+01 -4.803e+00 -6.610e-03 -4.150e+00 -4.654e+00 -1.809e+01 -1.932e+00 -6.363e+00 -1.872e+01 -3.017e+00 -3.081e+00 -6.436e+00 -2.196e+01 -1.994e+01 -7.032e+00 -2.806e+00
+17.807 +15.648 18.656 -3.035 0.375 0.000 1.000 -2.400e+01 -5.124e+00 -6.607e-03 -4.150e+00 -4.654e+00 -1.840e+01 -1.932e+00 -6.363e+00 -1.903e+01 -3.017e+00 -3.081e+00 -6.436e+00 -2.227e+01 -2.025e+01 -7.032e+00 -2.806e+00
+17.835 +15.468 18.656 -3.382 0.312 0.000 1.000 -2.400e+01 -5.467e+00 -6.605e-03 -4.150e+00 -4.654e+00 -1.874e+01 -1.932e+00 -6.363e+00 -1.937e+01 -3.017e+00 -3.081e+00 -6.435e+00 -2.261e+01 -2.059e+01 -7.032e+00 -2.806e+00
+17.862 +15.578 18.656 -3.747 0.312 0.000 1.000 -2.400e+01 -5.834e+00 -6.604e-03 -4.149e+00 -4.654e+00 -1.911e+01 -1.932e+00 -6.363e+00 -1.974e+01 -3.017e+00 -3.081e+00 -6.435e+00 -2.295e+01 -2.096e+01 -7.032e+00 -2.806e+00
+17.890 +16.093 18.656 -4.114 0.312 0.000 1.000 -2.400e+01 -6.228e+00 -6.604e-03 -4.149e+00 -4.654e+00 -1.949e+01 -1.932e+00 -6.363e+00 -2.012e+01 -3.017e+00 -3.081e+00 -6.435e+00 -2.327e+01 -2.134e+01 -7.032e+00 -2.806e+00
+17.917 +16.137 18.656 -4.529 0.312 0.000 1.000 -2.400e+01 -6.653e+00 -6.604e-03 -4.149e+00 -4.654e+00 -1.990e+01 -1.932e+00 -6.363e+00 -2.053e+01 -3.017e+00 -3.081e+00 -6.435e+00 -2.358e+01 -2.175e+01 -7.032e+00 -2.806e+00
+17.945 +16.166 18.656 -4.981 0.312 0.000 1.000 -2.400e+01 -7.114e+00 -6.604e-03 -4.149e+00 -4.654e+00 -2.036e+01 -1.932e+00 -6.363e+00 -2.099e+01 -3.017e+00 -3.081e+00 -6.435e+00 -2.380e+01 -2.220e+01 -7.032e+00 -2.806e+00
+17.972 +16.652 18.656 -5.397 0.312 0.000 1.000 -2.400e+01 -7.628e+00 -6.603e-03 -4.149e+00 -4.654e+00 -2.081e+01 -1.932e+00 -6.363e+00 -2.144e+01 -3.017e+00 -3.081e+00 -6.435e+00 -2.392e+01 -2.264e+01 -7.032e+00 -2.806e+00
+18.000 +16.777 18.656 -5.918 0.312 0.000 1.000 -2.400e+01 -8.211e+00 -6.603e-03 -4.149e+00 -4.654e+00 -2.135e+01 -1.932e+00 -6.363e+00 -2.198e+01 -3.017e+00 -3.081e+00 -6.435e+00 -2.398e+01 -2.314e+01 -7.032e+00 -2.806e+00