# ASY+PE method (with partition functions). 
# All double quantities are log10(x); rates in units of s^-1
#
#  t          dt   2/Rmin Reaction_Rmin       2/Rmax   Reaction_Rmax     dt_FE    dt_EA  trial_dt   interpT   interpRho
 7.0275  5.9853     inf he4+n14-->p+o17  2.2718 f17-->o17+e++nu 26.9708  5.6843  5.9853 7.3010e+00 1.3010e+00
 7.0550  6.0550     inf he4+n14-->p+o17  2.2718 f17-->o17+e++nu 26.9708  5.8429  6.0550 7.3010e+00 1.3010e+00
 7.0825  6.0825     inf he4+n14-->p+o17  2.2718 f17-->o17+e++nu 26.9708  5.8704  6.0825 7.3010e+00 1.3010e+00
 7.1100  6.1100     inf he4+n14-->p+o17  2.2718 f17-->o17+e++nu 26.9708  5.8979  6.1100 7.3010e+00 1.3010e+00
 7.1375  6.1375     inf he4+n14-->p+o17  2.2718 f17-->o17+e++nu 26.9708  5.9254  6.1375 7.3010e+00 1.3010e+00
 7.1650  6.1650     inf he4+n14-->p+o17  2.2718 f17-->o17+e++nu 26.9708  5.9529  6.1650 7.3010e+00 1.3010e+00
 7.1925  6.1925     inf he4+n14-->p+o17  2.2718 f17-->o17+e++nu 26.9708  5.9804  6.1925 7.3010e+00 1.3010e+00
 7.2200  6.2200     inf he4+n14-->p+o17  2.2718 f17-->o17+e++nu 26.9708  6.0079  6.2200 7.3010e+00 1.3010e+00
 7.2475  6.2475     inf he4+n14-->p+o17  2.2718 f17-->o17+e++nu 26.9708  6.0354  6.2475 7.3010e+00 1.3010e+00
 7.2750  6.2750     inf he4+n14-->p+o17  2.2718 f17-->o17+e++nu 26.9708  6.0629  6.2750 7.3010e+00 1.3010e+00
 7.3025  6.3025     inf he4+n14-->p+o17  2.2718 f17-->o17+e++nu 26.9708  6.0904  6.3025 7.3010e+00 1.3010e+00
 7.3300  6.3300     inf he4+n14-->p+o17  2.2718 f17-->o17+e++nu 26.9708  6.1179  6.3300 7.3010e+00 1.3010e+00
 7.3575  6.3575     inf he4+n14-->p+o17  2.2718 f17-->o17+e++nu 26.9708  6.1454  6.3575 7.3010e+00 1.3010e+00
 7.3850  6.3850     inf he4+n14-->p+o17  2.2718 f17-->o17+e++nu 26.9708  6.1729  6.3850 7.3010e+00 1.3010e+00
 7.4125  6.4125     inf he4+n14-->p+o17  2.2718 f17-->o17+e++nu 26.9708  6.2004  6.4125 7.3010e+00 1.3010e+00
 7.4400  6.4400     inf he4+n14-->p+o17  2.2718 f17-->o17+e++nu 26.9708  6.2279  6.4400 7.3010e+00 1.3010e+00
 7.4675  6.4675     inf he4+n14-->p+o17  2.2718 f17-->o17+e++nu 26.9708  6.2554  6.4675 7.3010e+00 1.3010e+00
 7.4950  6.4950     inf he4+n14-->p+o17  2.2718 f17-->o17+e++nu 26.9708  6.2829  6.4950 7.3010e+00 1.3010e+00
 7.5225  6.5225     inf he4+n14-->p+o17  2.2718 f17-->o17+e++nu 26.9708  6.3104  6.5225 7.3010e+00 1.3010e+00
 7.5500  6.5500     inf he4+n14-->p+o17  2.2718 f17-->o17+e++nu 26.9708  6.3379  6.5500 7.3010e+00 1.3010e+00
 7.5775  6.5775     inf he4+n14-->p+o17  2.2718 f17-->o17+e++nu 26.9708  6.3654  6.5775 7.3010e+00 1.3010e+00
 7.6050  6.6050     inf he4+n14-->p+o17  2.2718 f17-->o17+e++nu 26.9708  6.3929  6.6050 7.3010e+00 1.3010e+00
 7.6325  6.6325     inf he4+n14-->p+o17  2.2718 f17-->o17+e++nu 26.9708  6.4204  6.6325 7.3010e+00 1.3010e+00
 7.6600  6.6600     inf he4+n14-->p+o17  2.2718 f17-->o17+e++nu 26.9708  6.4479  6.6600 7.3010e+00 1.3010e+00
 7.6875  6.6875     inf he4+n14-->p+o17  2.2718 f17-->o17+e++nu 26.9708  6.4754  6.6875 7.3010e+00 1.3010e+00
 7.7150  6.7150     inf he4+n14-->p+o17  2.2718 f17-->o17+e++nu 26.9708  6.5029  6.7150 7.3010e+00 1.3010e+00
 7.7425  6.7425     inf he4+n14-->p+o17  2.2718 f17-->o17+e++nu 26.9708  6.5304  6.7425 7.3010e+00 1.3010e+00
 7.7700  6.7700     inf he4+n14-->p+o17  2.2718 f17-->o17+e++nu 26.9708  6.5579  6.7700 7.3010e+00 1.3010e+00
 7.7975  6.7975     inf he4+n14-->p+o17  2.2718 f17-->o17+e++nu 26.9708  6.5854  6.7975 7.3010e+00 1.3010e+00
 7.8250  6.8250     inf he4+n14-->p+o17  2.2718 f17-->o17+e++nu 26.9708  6.6129  6.8250 7.3010e+00 1.3010e+00
 7.8525  6.8525     inf he4+n14-->p+o17  2.2718 f17-->o17+e++nu 26.9708  6.6404  6.8525 7.3010e+00 1.3010e+00
 7.8800  6.8800     inf he4+n14-->p+o17  2.2718 f17-->o17+e++nu 26.9708  6.6679  6.8800 7.3010e+00 1.3010e+00
 7.9075  6.9075     inf he4+n14-->p+o17  2.2718 f17-->o17+e++nu 26.9708  6.6954  6.9075 7.3010e+00 1.3010e+00
 7.9350  6.9350     inf he4+n14-->p+o17  2.2718 f17-->o17+e++nu 26.9708  6.7229  6.9350 7.3010e+00 1.3010e+00
 7.9625  6.9625     inf he4+n14-->p+o17  2.2718 f17-->o17+e++nu 26.9708  6.7504  6.9625 7.3010e+00 1.3010e+00
 7.9900  6.9900     inf he4+n14-->p+o17  2.2718 f17-->o17+e++nu 26.9708  6.7779  6.9900 7.3010e+00 1.3010e+00
 8.0175  7.0175     inf he4+n14-->p+o17  2.2718 f17-->o17+e++nu 26.9708  6.8054  7.0175 7.3010e+00 1.3010e+00
 8.0450  7.0450     inf he4+n14-->p+o17  2.2718 f17-->o17+e++nu 26.9708  6.8329  7.0450 7.3010e+00 1.3010e+00
 8.0725  7.0725     inf he4+n14-->p+o17  2.2718 f17-->o17+e++nu 26.9708  6.8604  7.0725 7.3010e+00 1.3010e+00
 8.1000  7.1000     inf he4+n14-->p+o17  2.2718 f17-->o17+e++nu 26.9708  6.8879  7.1000 7.3010e+00 1.3010e+00
 8.1275  7.1275     inf he4+n14-->p+o17  2.2718 f17-->o17+e++nu 26.9708  6.9154  7.1275 7.3010e+00 1.3010e+00
 8.1550  7.1550     inf he4+n14-->p+o17  2.2718 f17-->o17+e++nu 26.9708  6.9429  7.1550 7.3010e+00 1.3010e+00
 8.1825  7.1825     inf he4+n14-->p+o17  2.2718 f17-->o17+e++nu 26.9708  6.9704  7.1825 7.3010e+00 1.3010e+00
 8.2100  7.2100     inf he4+n14-->p+o17  2.2718 f17-->o17+e++nu 26.9708  6.9979  7.2100 7.3010e+00 1.3010e+00
 8.2375  7.2375     inf he4+n14-->p+o17  2.2718 f17-->o17+e++nu 26.9708  7.0254  7.2375 7.3010e+00 1.3010e+00
 8.2650  7.2650     inf he4+n14-->p+o17  2.2718 f17-->o17+e++nu 26.9708  7.0529  7.2650 7.3010e+00 1.3010e+00
 8.2925  7.2925     inf he4+n14-->p+o17  2.2718 f17-->o17+e++nu 26.9708  7.0804  7.2925 7.3010e+00 1.3010e+00
 8.3200  7.3200     inf he4+n14-->p+o17  2.2718 f17-->o17+e++nu 26.9708  7.1079  7.3200 7.3010e+00 1.3010e+00
 8.3475  7.3475     inf he4+n14-->p+o17  2.2718 f17-->o17+e++nu 26.9708  7.1354  7.3475 7.3010e+00 1.3010e+00
 8.3750  7.3750     inf he4+n14-->p+o17  2.2718 f17-->o17+e++nu 26.9708  7.1629  7.3750 7.3010e+00 1.3010e+00
 8.4025  7.4025     inf he4+n14-->p+o17  2.2718 f17-->o17+e++nu 26.9708  7.1904  7.4025 7.3010e+00 1.3010e+00
 8.4300  7.4300     inf he4+n14-->p+o17  2.2718 f17-->o17+e++nu 26.9708  7.2179  7.4300 7.3010e+00 1.3010e+00
 8.4575  7.4575     inf he4+n14-->p+o17  2.2718 f17-->o17+e++nu 26.9708  7.2454  7.4575 7.3010e+00 1.3010e+00
 8.4850  7.4850     inf he4+n14-->p+o17  2.2718 f17-->o17+e++nu 26.9708  7.2729  7.4850 7.3010e+00 1.3010e+00
 8.5125  7.5125     inf he4+n14-->p+o17  2.2718 f17-->o17+e++nu 26.9708  7.3004  7.5125 7.3010e+00 1.3010e+00
 8.5400  7.5400     inf he4+n14-->p+o17  2.2718 f17-->o17+e++nu 26.9708  7.3279  7.5400 7.3010e+00 1.3010e+00
 8.5675  7.5675     inf he4+n14-->p+o17  2.2718 f17-->o17+e++nu 26.9708  7.3554  7.5675 7.3010e+00 1.3010e+00
 8.5950  7.5950     inf he4+n14-->p+o17  2.2718 f17-->o17+e++nu 26.9708  7.3829  7.5950 7.3010e+00 1.3010e+00
 8.6225  7.6225     inf he4+n14-->p+o17  2.2718 f17-->o17+e++nu 26.9708  7.4104  7.6225 7.3010e+00 1.3010e+00
 8.6500  7.6500     inf he4+n14-->p+o17  2.2718 f17-->o17+e++nu 26.9708  7.4379  7.6500 7.3010e+00 1.3010e+00
 8.6775  7.6775     inf he4+n14-->p+o17  2.2718 f17-->o17+e++nu 26.9708  7.4654  7.6775 7.3010e+00 1.3010e+00
 8.7050  7.7050     inf he4+n14-->p+o17  2.2718 f17-->o17+e++nu 26.9708  7.4929  7.7050 7.3010e+00 1.3010e+00
 8.7325  7.7325     inf he4+n14-->p+o17  2.2718 f17-->o17+e++nu 26.9708  7.5204  7.7325 7.3010e+00 1.3010e+00
 8.7600  7.7600     inf he4+n14-->p+o17  2.2718 f17-->o17+e++nu 26.9708  7.5479  7.7600 7.3010e+00 1.3010e+00
 8.7875  7.7875     inf he4+n14-->p+o17  2.2718 f17-->o17+e++nu 26.9708  7.5754  7.7875 7.3010e+00 1.3010e+00
 8.8150  7.8150     inf he4+n14-->p+o17  2.2718 f17-->o17+e++nu 26.9708  7.6029  7.8150 7.3010e+00 1.3010e+00
 8.8425  7.8425     inf he4+n14-->p+o17  2.2718 f17-->o17+e++nu 26.9708  7.6304  7.8425 7.3010e+00 1.3010e+00
 8.8700  7.8700     inf he4+n14-->p+o17  2.2718 f17-->o17+e++nu 26.9708  7.6579  7.8700 7.3010e+00 1.3010e+00
 8.8975  7.8975     inf he4+n14-->p+o17  2.2718 f17-->o17+e++nu 26.9708  7.6854  7.8975 7.3010e+00 1.3010e+00
 8.9250  7.9250     inf he4+n14-->p+o17  2.2718 f17-->o17+e++nu 26.9708  7.7129  7.9250 7.3010e+00 1.3010e+00
 8.9525  7.9525     inf he4+n14-->p+o17  2.2718 f17-->o17+e++nu 26.9708  7.7404  7.9525 7.3010e+00 1.3010e+00
 8.9800  7.9800     inf he4+n14-->p+o17  2.2718 f17-->o17+e++nu 26.9708  7.7679  7.9800 7.3010e+00 1.3010e+00
 9.0075  8.0075     inf he4+n14-->p+o17  2.2718 f17-->o17+e++nu 26.9708  7.7954  8.0075 7.3010e+00 1.3010e+00
 9.0350  8.0350     inf he4+n14-->p+o17  2.2718 f17-->o17+e++nu 26.9708  7.8229  8.0350 7.3010e+00 1.3010e+00
 9.0625  8.0625     inf he4+n14-->p+o17  2.2718 f17-->o17+e++nu 26.9708  7.8504  8.0625 7.3010e+00 1.3010e+00
 9.0900  8.0900     inf he4+n14-->p+o17  2.2718 f17-->o17+e++nu 26.9708  7.8779  8.0900 7.3010e+00 1.3010e+00
 9.1175  8.1175     inf he4+n14-->p+o17  2.2718 f17-->o17+e++nu 26.9708  7.9054  8.1175 7.3010e+00 1.3010e+00
 9.1450  8.1450     inf he4+n14-->p+o17  2.2718 f17-->o17+e++nu 26.9708  7.9329  8.1450 7.3010e+00 1.3010e+00
 9.1725  8.1725     inf he4+n14-->p+o17  2.2718 f17-->o17+e++nu 26.9708  7.9604  8.1725 7.3010e+00 1.3010e+00
 9.2000  8.2000     inf he4+n14-->p+o17  2.2718 f17-->o17+e++nu 26.9708  7.9879  8.2000 7.3010e+00 1.3010e+00
 9.2275  8.2275     inf he4+n14-->p+o17  2.2718 f17-->o17+e++nu 26.9708  8.0154  8.2275 7.3010e+00 1.3010e+00
 9.2550  8.2550     inf he4+n14-->p+o17  2.2718 f17-->o17+e++nu 26.9708  8.0429  8.2550 7.3010e+00 1.3010e+00
 9.2825  8.2825     inf he4+n14-->p+o17  2.2718 f17-->o17+e++nu 26.9708  8.0704  8.2825 7.3010e+00 1.3010e+00
 9.3100  8.3100     inf he4+n14-->p+o17  2.2718 f17-->o17+e++nu 26.9708  8.0979  8.3100 7.3010e+00 1.3010e+00
 9.3375  8.3375     inf he4+n14-->p+o17  2.2718 f17-->o17+e++nu 26.9708  8.1254  8.3375 7.3010e+00 1.3010e+00
 9.3650  8.3650     inf he4+n14-->p+o17  2.2718 f17-->o17+e++nu 26.9708  8.1529  8.3650 7.3010e+00 1.3010e+00
 9.3925  8.3925     inf he4+n14-->p+o17  2.2718 f17-->o17+e++nu 26.9708  8.1804  8.3925 7.3010e+00 1.3010e+00
 9.4200  8.4200     inf he4+n14-->p+o17  2.2718 f17-->o17+e++nu 26.9708  8.2079  8.4200 7.3010e+00 1.3010e+00
 9.4475  8.4475     inf he4+n14-->p+o17  2.2718 f17-->o17+e++nu 26.9708  8.2354  8.4475 7.3010e+00 1.3010e+00
 9.4750  8.4750     inf he4+n14-->p+o17  2.2718 f17-->o17+e++nu 26.9708  8.2629  8.4750 7.3010e+00 1.3010e+00
 9.5025  8.5025     inf he4+n14-->p+o17  2.2718 f17-->o17+e++nu 26.9708  8.2904  8.5025 7.3010e+00 1.3010e+00
 9.5300  8.5300     inf he4+n14-->p+o17  2.2718 f17-->o17+e++nu 26.9708  8.3179  8.5300 7.3010e+00 1.3010e+00
 9.5575  8.5575     inf he4+n14-->p+o17  2.2718 f17-->o17+e++nu 26.9708  8.3454  8.5575 7.3010e+00 1.3010e+00
 9.5850  8.5850     inf he4+n14-->p+o17  2.2718 f17-->o17+e++nu 26.9708  8.3729  8.5850 7.3010e+00 1.3010e+00
 9.6125  8.6125     inf he4+n14-->p+o17  2.2718 f17-->o17+e++nu 26.9708  8.4004  8.6125 7.3010e+00 1.3010e+00
 9.6400  8.6400     inf he4+n14-->p+o17  2.2718 f17-->o17+e++nu 26.9708  8.4279  8.6400 7.3010e+00 1.3010e+00
 9.6675  8.6675     inf he4+n14-->p+o17  2.2718 f17-->o17+e++nu 26.9708  8.4554  8.6675 7.3010e+00 1.3010e+00
 9.6950  8.6950     inf he4+n14-->p+o17  2.2718 f17-->o17+e++nu 26.9708  8.4829  8.6950 7.3010e+00 1.3010e+00
 9.7225  8.7225     inf he4+n14-->p+o17  2.2718 f17-->o17+e++nu 26.9708  8.5104  8.7225 7.3010e+00 1.3010e+00
 9.7500  8.7500     inf he4+n14-->p+o17  2.2718 f17-->o17+e++nu 26.9708  8.5379  8.7500 7.3010e+00 1.3010e+00
 9.7775  8.7775     inf he4+n14-->p+o17  2.2718 f17-->o17+e++nu 26.9708  8.5654  8.7775 7.3010e+00 1.3010e+00
 9.8050  8.8050     inf he4+n14-->p+o17  2.2718 f17-->o17+e++nu 26.9708  8.5929  8.8050 7.3010e+00 1.3010e+00
 9.8325  8.8325     inf he4+n14-->p+o17  2.2718 f17-->o17+e++nu 26.9708  8.6204  8.8325 7.3010e+00 1.3010e+00
 9.8600  8.8600     inf he4+n14-->p+o17  2.2718 f17-->o17+e++nu 26.9708  8.6479  8.8600 7.3010e+00 1.3010e+00
 9.8875  8.8875     inf he4+n14-->p+o17  2.2718 f17-->o17+e++nu 26.9708  8.6754  8.8875 7.3010e+00 1.3010e+00
 9.9150  8.9150     inf he4+n14-->p+o17  2.2718 f17-->o17+e++nu 26.9708  8.7029  8.9150 7.3010e+00 1.3010e+00
 9.9425  8.9425     inf he4+n14-->p+o17  2.2718 f17-->o17+e++nu 26.9708  8.7304  8.9425 7.3010e+00 1.3010e+00
 9.9700  8.9700     inf he4+n14-->p+o17  2.2718 f17-->o17+e++nu 26.9708  8.7579  8.9700 7.3010e+00 1.3010e+00
 9.9975  8.9975     inf he4+n14-->p+o17  2.2718 f17-->o17+e++nu 26.9708  8.7854  8.9975 7.3010e+00 1.3010e+00
10.0250  9.0250     inf he4+n14-->p+o17  2.2718 f17-->o17+e++nu 26.9708  8.8129  9.0250 7.3010e+00 1.3010e+00
10.0525  9.0525     inf he4+n14-->p+o17  2.2718 f17-->o17+e++nu 26.9708  8.8404  9.0525 7.3010e+00 1.3010e+00
10.0800  9.0800     inf he4+n14-->p+o17  2.2718 f17-->o17+e++nu 26.9708  8.8679  9.0800 7.3010e+00 1.3010e+00
10.1075  9.1075     inf he4+n14-->p+o17  2.2718 f17-->o17+e++nu 26.9708  8.8954  9.1075 7.3010e+00 1.3010e+00
10.1350  9.1350     inf he4+n14-->p+o17  2.2718 f17-->o17+e++nu 26.9708  8.9229  9.1350 7.3010e+00 1.3010e+00
10.1625  9.1625     inf he4+n14-->p+o17  2.2718 f17-->o17+e++nu 26.9708  8.9504  9.1625 7.3010e+00 1.3010e+00
10.1900  9.1900     inf he4+n14-->p+o17  2.2718 f17-->o17+e++nu 26.9708  8.9779  9.1900 7.3010e+00 1.3010e+00
10.2175  9.2175     inf he4+n14-->p+o17  2.2718 f17-->o17+e++nu 26.9708  9.0054  9.2175 7.3010e+00 1.3010e+00
10.2450  9.2450     inf he4+n14-->p+o17  2.2718 f17-->o17+e++nu 26.9708  9.0329  9.2450 7.3010e+00 1.3010e+00
10.2725  9.2725     inf he4+n14-->p+o17  2.2718 f17-->o17+e++nu 26.9708  9.0604  9.2725 7.3010e+00 1.3010e+00
10.3000  9.3000     inf he4+n14-->p+o17  2.2718 f17-->o17+e++nu 26.9708  9.0879  9.3000 7.3010e+00 1.3010e+00
10.3275  9.3275     inf he4+n14-->p+o17  2.2718 f17-->o17+e++nu 26.9708  9.1154  9.3275 7.3010e+00 1.3010e+00
10.3550  9.3550     inf he4+n14-->p+o17  2.2718 f17-->o17+e++nu 26.9708  9.1429  9.3550 7.3010e+00 1.3010e+00
10.3825  9.3825     inf he4+n14-->p+o17  2.2718 f17-->o17+e++nu 26.9708  9.1704  9.3825 7.3010e+00 1.3010e+00
10.4100  9.4100     inf he4+n14-->p+o17  2.2718 f17-->o17+e++nu 26.9708  9.1979  9.4100 7.3010e+00 1.3010e+00
10.4375  9.4375     inf he4+n14-->p+o17  2.2718 f17-->o17+e++nu 26.9708  9.2254  9.4375 7.3010e+00 1.3010e+00
10.4650  9.4650     inf he4+n14-->p+o17  2.2718 f17-->o17+e++nu 26.9708  9.2529  9.4650 7.3010e+00 1.3010e+00
10.4925  9.4925     inf he4+n14-->p+o17  2.2718 f17-->o17+e++nu 26.9708  9.2804  9.4925 7.3010e+00 1.3010e+00
10.5200  9.5200     inf he4+n14-->p+o17  2.2718 f17-->o17+e++nu 26.9708  9.3079  9.5200 7.3010e+00 1.3010e+00
10.5475  9.5475     inf he4+n14-->p+o17  2.2718 f17-->o17+e++nu 26.9708  9.3354  9.5475 7.3010e+00 1.3010e+00
10.5750  9.5750     inf he4+n14-->p+o17  2.2718 f17-->o17+e++nu 26.9708  9.3629  9.5750 7.3010e+00 1.3010e+00
10.6025  9.6025     inf he4+n14-->p+o17  2.2718 f17-->o17+e++nu 26.9708  9.3904  9.6025 7.3010e+00 1.3010e+00
10.6300  9.6300     inf he4+n14-->p+o17  2.2718 f17-->o17+e++nu 26.9708  9.4179  9.6300 7.3010e+00 1.3010e+00
10.6575  9.6575     inf he4+n14-->p+o17  2.2718 f17-->o17+e++nu 26.9708  9.4454  9.6575 7.3010e+00 1.3010e+00
10.6850  9.6850     inf he4+n14-->p+o17  2.2718 f17-->o17+e++nu 26.9708  9.4729  9.6850 7.3010e+00 1.3010e+00
10.7125  9.7125     inf he4+n14-->p+o17  2.2718 f17-->o17+e++nu 26.9708  9.5004  9.7125 7.3010e+00 1.3010e+00
10.7400  9.7400     inf he4+n14-->p+o17  2.2718 f17-->o17+e++nu 26.9708  9.5279  9.7400 7.3010e+00 1.3010e+00
10.7675  9.7675     inf he4+n14-->p+o17  2.2718 f17-->o17+e++nu 26.9708  9.5554  9.7675 7.3010e+00 1.3010e+00
10.7950  9.7950     inf he4+n14-->p+o17  2.2718 f17-->o17+e++nu 26.9708  9.5829  9.7950 7.3010e+00 1.3010e+00
10.8225  9.8225     inf he4+n14-->p+o17  2.2718 f17-->o17+e++nu 26.9708  9.6104  9.8225 7.3010e+00 1.3010e+00
10.8500  9.8500     inf he4+n14-->p+o17  2.2718 f17-->o17+e++nu 26.9708  9.6379  9.8500 7.3010e+00 1.3010e+00
10.8775  9.8775     inf he4+n14-->p+o17  2.2718 f17-->o17+e++nu 26.9708  9.6654  9.8775 7.3010e+00 1.3010e+00
10.9050  9.9050     inf he4+n14-->p+o17  2.2718 f17-->o17+e++nu 26.9708  9.6929  9.9050 7.3010e+00 1.3010e+00
10.9325  9.9325     inf he4+n14-->p+o17  2.2718 f17-->o17+e++nu 26.9708  9.7204  9.9325 7.3010e+00 1.3010e+00
10.9600  9.9600     inf he4+n14-->p+o17  2.2718 f17-->o17+e++nu 26.9708  9.7479  9.9600 7.3010e+00 1.3010e+00
10.9875  9.9875     inf he4+n14-->p+o17  2.2718 f17-->o17+e++nu 26.9708  9.7754  9.9875 7.3010e+00 1.3010e+00
11.0150 10.0150     inf he4+n14-->p+o17  2.2718 f17-->o17+e++nu 26.9708  9.8029 10.0150 7.3010e+00 1.3010e+00
11.0425 10.0425     inf he4+n14-->p+o17  2.2718 f17-->o17+e++nu 26.9708  9.8304 10.0425 7.3010e+00 1.3010e+00
11.0700 10.0700     inf he4+n14-->p+o17  2.2718 f17-->o17+e++nu 26.9708  9.8579 10.0700 7.3010e+00 1.3010e+00
11.0975 10.0975     inf he4+n14-->p+o17  2.2718 f17-->o17+e++nu 26.9708  9.8854 10.0975 7.3010e+00 1.3010e+00
11.1250  9.5998     inf he4+n14-->p+o17  2.2718 f17-->o17+e++nu 26.9708  9.3115  9.5998 7.3010e+00 1.3010e+00
11.1525  9.9766     inf he4+n14-->p+o17  2.2718 f17-->o17+e++nu 26.9708  9.6756  9.9766 7.3010e+00 1.3010e+00
11.1800 10.1800     inf he4+n14-->p+o17  2.2718 f17-->o17+e++nu 26.9708  9.9679 10.1800 7.3010e+00 1.3010e+00
11.2075  9.9734     inf he4+n14-->p+o17  2.2718 f17-->o17+e++nu 26.9708  9.6723  9.9734 7.3010e+00 1.3010e+00
11.2350  9.3232     inf he4+n14-->p+o17  2.2718 f17-->o17+e++nu 26.9708  9.0553  9.3232 7.3010e+00 1.3010e+00
11.2625  9.9927     inf he4+n14-->p+o17  2.2718 f17-->o17+e++nu 26.9708  9.6916  9.9927 7.3010e+00 1.3010e+00
11.2900  9.6297     inf he4+n14-->p+o17  2.2718 f17-->o17+e++nu 26.9708  9.3287  9.6297 7.3010e+00 1.3010e+00
11.3175  8.8782     inf he4+n14-->p+o17  2.2718 f17-->o17+e++nu 26.9708  8.5772  8.8782 7.3010e+00 1.3010e+00
11.3450  9.6464     inf he4+n14-->p+o17  2.2718 f17-->o17+e++nu 26.9708  9.3515  9.6464 7.3010e+00 1.3010e+00
11.3725  9.4875     inf he4+n14-->p+o17  2.2718 f17-->o17+e++nu 26.9708  9.2580  9.4875 7.3010e+00 1.3010e+00
11.4000 10.0930     inf he4+n14-->p+o17  2.2718 f17-->o17+e++nu 26.9708  9.7920 10.0930 7.3010e+00 1.3010e+00
11.4275  9.5563     inf he4+n14-->p+o17  2.2718 f17-->o17+e++nu 26.9708  9.2552  9.5563 7.3010e+00 1.3010e+00
11.4550 10.1267     inf he4+n14-->p+o17  2.2718 f17-->o17+e++nu 26.9708  9.8257 10.1267 7.3010e+00 1.3010e+00
11.4825  9.7188     inf he4+n14-->p+o17  2.2718 f17-->o17+e++nu 26.9708  9.4526  9.7188 7.3010e+00 1.3010e+00
11.5100 10.0713     inf he4+n14-->p+o17  2.2718 f17-->o17+e++nu 26.9708  9.7703 10.0713 7.3010e+00 1.3010e+00
11.5375  9.9272     inf he4+n14-->p+o17  2.2718 f17-->o17+e++nu 26.9708  9.6262  9.9272 7.3010e+00 1.3010e+00
11.5650 10.0638     inf he4+n14-->p+o17  2.2718 f17-->o17+e++nu 26.9708  9.7628 10.0638 7.3010e+00 1.3010e+00
11.5925 10.0899     inf he4+n14-->p+o17  2.2718 f17-->o17+e++nu 26.9708  9.8495 10.0899 7.3010e+00 1.3010e+00
11.6200  9.2782     inf he4+n14-->p+o17  2.2718 f17-->o17+e++nu 26.9708  8.9772  9.2782 7.3010e+00 1.3010e+00
11.6475 10.1157     inf he4+n14-->p+o17  2.2718 f17-->o17+e++nu 26.9708  9.8147 10.1157 7.3010e+00 1.3010e+00
11.6750  9.9867     inf he4+n14-->p+o17  2.2718 f17-->o17+e++nu 26.9708  9.6857  9.9867 7.3010e+00 1.3010e+00
11.7025 10.0221     inf he4+n14-->p+o17  2.2718 f17-->o17+e++nu 26.9708  9.7211 10.0221 7.3010e+00 1.3010e+00
11.7300 10.0089     inf he4+n14-->p+o17  2.2718 f17-->o17+e++nu 26.9708  9.7079 10.0089 7.3010e+00 1.3010e+00
11.7575  9.4377     inf he4+n14-->p+o17  2.2718 f17-->o17+e++nu 26.9708  9.1367  9.4377 7.3010e+00 1.3010e+00
11.7850  9.6266     inf he4+n14-->p+o17  2.2718 f17-->o17+e++nu 26.9708  9.4188  9.6266 7.3010e+00 1.3010e+00
11.8125  9.6749     inf he4+n14-->p+o17  2.2718 f17-->o17+e++nu 26.9708  9.4405  9.6749 7.3010e+00 1.3010e+00
11.8400  9.7978     inf he4+n14-->p+o17  2.2718 f17-->o17+e++nu 26.9708  9.4968  9.7978 7.3010e+00 1.3010e+00
11.8675  9.7597     inf he4+n14-->p+o17  2.2718 f17-->o17+e++nu 26.9708  9.4586  9.7597 7.3010e+00 1.3010e+00
11.8950  9.9583     inf he4+n14-->p+o17  2.2718 f17-->o17+e++nu 26.9708  9.7589  9.9583 7.3010e+00 1.3010e+00
11.9225 10.1867     inf he4+n14-->p+o17  2.2718 f17-->o17+e++nu 26.9708  9.8857 10.1867 7.3010e+00 1.3010e+00
11.9500 10.2646     inf he4+n14-->p+o17  2.2718 f17-->o17+e++nu 26.9708  9.9636 10.2646 7.3010e+00 1.3010e+00
11.9775  9.8233     inf he4+n14-->p+o17  2.2718 f17-->o17+e++nu 26.9708  9.5223  9.8233 7.3010e+00 1.3010e+00
12.0050  9.9535     inf he4+n14-->p+o17  2.2718 f17-->o17+e++nu 26.9708  9.6525  9.9535 7.3010e+00 1.3010e+00
12.0325 10.1894     inf he4+n14-->p+o17  2.2718 f17-->o17+e++nu 26.9708  9.8884 10.1894 7.3010e+00 1.3010e+00
12.0600 10.2922     inf he4+n14-->p+o17  2.2718 f17-->o17+e++nu 26.9708  9.9976 10.2922 7.3010e+00 1.3010e+00
12.0875  9.9339     inf he4+n14-->p+o17  2.2718 f17-->o17+e++nu 26.9708  9.6329  9.9339 7.3010e+00 1.3010e+00
12.1150 10.2866     inf he4+n14-->p+o17  2.2718 f17-->o17+e++nu 26.9708  9.9856 10.2866 7.3010e+00 1.3010e+00
12.1425  9.8056     inf he4+n14-->p+o17  2.2718 f17-->o17+e++nu 26.9708  9.5049  9.8056 7.3010e+00 1.3010e+00
12.1700 10.2708     inf he4+n14-->p+o17  2.2718 f17-->o17+e++nu 26.9708  9.9697 10.2708 7.3010e+00 1.3010e+00
12.1975 10.2329     inf he4+n14-->p+o17  2.2718 f17-->o17+e++nu 26.9708  9.9748 10.2329 7.3010e+00 1.3010e+00
12.2250 10.4378     inf he4+n14-->p+o17  2.2718 f17-->o17+e++nu 26.9708 10.1368 10.4378 7.3010e+00 1.3010e+00
12.2525 10.0799     inf he4+n14-->p+o17  2.2718 f17-->o17+e++nu 26.9708  9.7789 10.0799 7.3010e+00 1.3010e+00
12.2800 10.2068     inf he4+n14-->p+o17  2.2718 f17-->o17+e++nu 26.9708  9.9057 10.2068 7.3010e+00 1.3010e+00
12.3075 10.3763     inf he4+n14-->p+o17  2.2718 f17-->o17+e++nu 26.9708 10.0753 10.3763 7.3010e+00 1.3010e+00
12.3350  9.7904     inf he4+n14-->p+o17  2.2718 f17-->o17+e++nu 26.9708  9.5852  9.7904 7.3010e+00 1.3010e+00
12.3625  9.8010     inf he4+n14-->p+o17  2.2718 f17-->o17+e++nu 26.9708  9.4999  9.8010 7.3010e+00 1.3010e+00
12.3900  9.9518     inf he4+n14-->p+o17  2.2718 f17-->o17+e++nu 26.9708  9.6507  9.9518 7.3010e+00 1.3010e+00
12.4175  9.7048     inf he4+n14-->p+o17  2.2718 f17-->o17+e++nu 26.9708  9.4755  9.7048 7.3010e+00 1.3010e+00
12.4450  9.6161     inf he4+n14-->p+o17  2.2718 f17-->o17+e++nu 26.9708  9.3150  9.6161 7.3010e+00 1.3010e+00
12.4725 10.1171     inf he4+n14-->p+o17  2.2718 f17-->o17+e++nu 26.9708  9.8161 10.1171 7.3010e+00 1.3010e+00
12.5000 10.3182     inf he4+n14-->p+o17  2.2718 f17-->o17+e++nu 26.9708 10.0171 10.3182 7.3010e+00 1.3010e+00
12.5275 10.3029     inf he4+n14-->p+o17  2.2718 f17-->o17+e++nu 26.9708 10.0576 10.3029 7.3010e+00 1.3010e+00
12.5550 10.0608     inf he4+n14-->p+o17  2.2718 f17-->o17+e++nu 26.9708  9.7597 10.0608 7.3010e+00 1.3010e+00
12.5825  9.7439     inf he4+n14-->p+o17  2.2718 f17-->o17+e++nu 26.9708  9.4429  9.7439 7.3010e+00 1.3010e+00
12.6100 10.4560     inf he4+n14-->p+o17  2.2718 f17-->o17+e++nu 26.9708 10.1549 10.4560 7.3010e+00 1.3010e+00
12.6375 10.0252     inf he4+n14-->p+o17  2.2718 f17-->o17+e++nu 26.9708  9.7653 10.0252 7.3010e+00 1.3010e+00
12.6650 10.6507     inf he4+n14-->p+o17  2.2718 f17-->o17+e++nu 26.9708 10.3496 10.6507 7.3010e+00 1.3010e+00
12.6925 10.6707     inf he4+n14-->p+o17  2.2718 f17-->o17+e++nu 26.9708 10.3697 10.6707 7.3010e+00 1.3010e+00
12.7200 10.6020     inf he4+n14-->p+o17  2.2718 f17-->o17+e++nu 26.9708 10.3010 10.6020 7.3010e+00 1.3010e+00
12.7475  9.9098     inf he4+n14-->p+o17  2.2718 f17-->o17+e++nu 26.9708  9.6088  9.9098 7.3010e+00 1.3010e+00
12.7750  9.8559     inf he4+n14-->p+o17  2.2718 f17-->o17+e++nu 26.9708  9.5549  9.8559 7.3010e+00 1.3010e+00
12.8025 10.3884     inf he4+n14-->p+o17  2.2718 f17-->o17+e++nu 26.9708 10.0874 10.3884 7.3010e+00 1.3010e+00
12.8300 10.7112     inf he4+n14-->p+o17  2.2718 f17-->o17+e++nu 26.9708 10.4290 10.7112 7.3010e+00 1.3010e+00
12.8575 10.8882     inf he4+n14-->p+o17  2.2718 f17-->o17+e++nu 26.9708 10.5872 10.8882 7.3010e+00 1.3010e+00
12.8850 10.3361     inf he4+n14-->p+o17  2.2718 f17-->o17+e++nu 26.9708 10.0351 10.3361 7.3010e+00 1.3010e+00
12.9125 10.8019     inf he4+n14-->p+o17  2.2718 f17-->o17+e++nu 26.9708 10.5168 10.8019 7.3010e+00 1.3010e+00
12.9400 10.0434     inf he4+n14-->p+o17  2.2718 f17-->o17+e++nu 26.9708  9.7424 10.0434 7.3010e+00 1.3010e+00
12.9675 10.8644     inf he4+n14-->p+o17  2.2718 f17-->o17+e++nu 26.9708 10.5634 10.8644 7.3010e+00 1.3010e+00
12.9950 11.2892     inf he4+n14-->p+o17  2.2718 f17-->o17+e++nu 26.9708 10.9882 11.2892 7.3010e+00 1.3010e+00
13.0225 10.7766     inf he4+n14-->p+o17  2.2718 f17-->o17+e++nu 26.9708 10.5012 10.7766 7.3010e+00 1.3010e+00
13.0500 11.6568     inf he4+n14-->p+o17  2.2718 f17-->o17+e++nu 26.9708 11.3557 11.6568 7.3010e+00 1.3010e+00
13.0775 10.9116     inf he4+n14-->p+o17  2.2718 f17-->o17+e++nu 26.9708 10.6809 10.9116 7.3010e+00 1.3010e+00
13.1050 10.9577     inf he4+n14-->p+o17  2.2718 f17-->o17+e++nu 26.9708 10.7341 10.9577 7.3010e+00 1.3010e+00
13.1325 10.9552     inf he4+n14-->p+o17  2.2718 f17-->o17+e++nu 26.9708 10.6542 10.9552 7.3010e+00 1.3010e+00
13.1600 11.7960     inf he4+n14-->p+o17  2.2718 f17-->o17+e++nu 26.9708 11.4950 11.7960 7.3010e+00 1.3010e+00
13.1875 11.3737     inf he4+n14-->p+o17  2.2718 f17-->o17+e++nu 26.9708 11.1468 11.3737 7.3010e+00 1.3010e+00
13.2150 11.7928     inf he4+n14-->p+o17  2.2718 f17-->o17+e++nu 26.9708 11.4918 11.7928 7.3010e+00 1.3010e+00
13.2425 11.6045     inf he4+n14-->p+o17  2.2718 f17-->o17+e++nu 26.9708 11.3268 11.6045 7.3010e+00 1.3010e+00
13.2700 11.5496     inf he4+n14-->p+o17  2.2718 f17-->o17+e++nu 26.9708 11.2485 11.5496 7.3010e+00 1.3010e+00
13.2975 11.4881     inf he4+n14-->p+o17  2.2718 f17-->o17+e++nu 26.9708 11.1871 11.4881 7.3010e+00 1.3010e+00
13.3250 11.8735     inf he4+n14-->p+o17  2.2718 f17-->o17+e++nu 26.9708 11.5725 11.8735 7.3010e+00 1.3010e+00
13.3525 12.1033     inf he4+n14-->p+o17  2.2718 f17-->o17+e++nu 26.9708 11.8022 12.1033 7.3010e+00 1.3010e+00
13.3800 11.6096     inf he4+n14-->p+o17  2.2718 f17-->o17+e++nu 26.9708 11.3085 11.6096 7.3010e+00 1.3010e+00
13.4075 11.8416     inf he4+n14-->p+o17  2.2718 f17-->o17+e++nu 26.9708 11.5406 11.8416 7.3010e+00 1.3010e+00
13.4350 12.2906     inf he4+n14-->p+o17  2.2718 f17-->o17+e++nu 26.9708 11.9895 12.2906 7.3010e+00 1.3010e+00
13.4625 11.9171     inf he4+n14-->p+o17  2.2718 f17-->o17+e++nu 26.9708 11.6161 11.9171 7.3010e+00 1.3010e+00
13.4900 12.3304     inf he4+n14-->p+o17  2.2718 f17-->o17+e++nu 26.9708 12.0294 12.3304 7.3010e+00 1.3010e+00
13.5175 12.5175     inf he4+n14-->p+o17  2.2718 f17-->o17+e++nu 26.9708 12.3054 12.5175 7.3010e+00 1.3010e+00
13.5450 12.0325     inf he4+n14-->p+o17  2.2718 f17-->o17+e++nu 26.9708 11.7315 12.0325 7.3010e+00 1.3010e+00
13.5725 12.3856     inf he4+n14-->p+o17  2.2718 f17-->o17+e++nu 26.9708 12.0846 12.3856 7.3010e+00 1.3010e+00
13.6000 10.4050     inf he4+n14-->p+o17  2.2718 f17-->o17+e++nu 26.9708 10.1040 10.4050 7.3010e+00 1.3010e+00
13.6275 12.3017     inf he4+n14-->p+o17  2.2718 f17-->o17+e++nu 26.9708 12.0006 12.3017 7.3010e+00 1.3010e+00
13.6550 12.1873     inf he4+n14-->p+o17  2.2718 f17-->o17+e++nu 26.9708 11.8862 12.1873 7.3010e+00 1.3010e+00
13.6825 12.4517     inf he4+n14-->p+o17  2.2718 f17-->o17+e++nu 26.9708 12.1506 12.4517 7.3010e+00 1.3010e+00
13.7100 11.8028     inf he4+n14-->p+o17  2.2718 f17-->o17+e++nu 26.9708 11.5018 11.8028 7.3010e+00 1.3010e+00
13.7375 12.4616     inf he4+n14-->p+o17  2.2718 f17-->o17+e++nu 26.9708 12.1606 12.4616 7.3010e+00 1.3010e+00
13.7650 12.1316     inf he4+n14-->p+o17  2.2718 f17-->o17+e++nu 26.9708 11.8305 12.1316 7.3010e+00 1.3010e+00
13.7925 12.6904     inf he4+n14-->p+o17  2.2718 f17-->o17+e++nu 26.9708 12.3894 12.6904 7.3010e+00 1.3010e+00
13.8200 12.8200     inf he4+n14-->p+o17  2.2718 f17-->o17+e++nu 26.9708 12.6079 12.8200 7.3010e+00 1.3010e+00
13.8475 12.8475     inf he4+n14-->p+o17  2.2718 f17-->o17+e++nu 26.9708 12.6354 12.8475 7.3010e+00 1.3010e+00
13.8750 12.8750     inf he4+n14-->p+o17  2.2718 f17-->o17+e++nu 26.9708 12.6629 12.8750 7.3010e+00 1.3010e+00
13.9025 12.9025     inf he4+n14-->p+o17  2.2718 f17-->o17+e++nu 26.9708 12.6904 12.9025 7.3010e+00 1.3010e+00
13.9300 12.9300     inf he4+n14-->p+o17  2.2718 f17-->o17+e++nu 26.9708 12.7179 12.9300 7.3010e+00 1.3010e+00
13.9575 12.9575     inf he4+n14-->p+o17  2.2718 f17-->o17+e++nu 26.9708 12.7454 12.9575 7.3010e+00 1.3010e+00
13.9850 12.9850     inf he4+n14-->p+o17  2.2718 f17-->o17+e++nu 26.9708 12.7729 12.9850 7.3010e+00 1.3010e+00
14.0125 13.0125     inf he4+n14-->p+o17  2.2718 f17-->o17+e++nu 26.9708 12.8004 13.0125 7.3010e+00 1.3010e+00
14.0400 13.0400     inf he4+n14-->p+o17  2.2718 f17-->o17+e++nu 26.9708 12.8279 13.0400 7.3010e+00 1.3010e+00
14.0675 13.0675     inf he4+n14-->p+o17  2.2718 f17-->o17+e++nu 26.9708 12.8554 13.0675 7.3010e+00 1.3010e+00
14.0950 13.0950     inf he4+n14-->p+o17  2.2718 f17-->o17+e++nu 26.9708 12.8829 13.0950 7.3010e+00 1.3010e+00
14.1225 13.1225     inf he4+n14-->p+o17  2.2718 f17-->o17+e++nu 26.9708 12.9104 13.1225 7.3010e+00 1.3010e+00
14.1500 13.1500     inf he4+n14-->p+o17  2.2718 f17-->o17+e++nu 26.9708 12.9379 13.1500 7.3010e+00 1.3010e+00
14.1775 13.1775     inf he4+n14-->p+o17  2.2718 f17-->o17+e++nu 26.9708 12.9654 13.1775 7.3010e+00 1.3010e+00
14.2050 13.2050     inf he4+n14-->p+o17  2.2718 f17-->o17+e++nu 26.9708 12.9929 13.2050 7.3010e+00 1.3010e+00
14.2325 13.2325     inf he4+n14-->p+o17  2.2718 f17-->o17+e++nu 26.9708 13.0204 13.2325 7.3010e+00 1.3010e+00
14.2600 13.2600     inf he4+n14-->p+o17  2.2718 f17-->o17+e++nu 26.9708 13.0479 13.2600 7.3010e+00 1.3010e+00
14.2875 13.2875     inf he4+n14-->p+o17  2.2718 f17-->o17+e++nu 26.9708 13.0754 13.2875 7.3010e+00 1.3010e+00
14.3150 13.3150     inf he4+n14-->p+o17  2.2718 f17-->o17+e++nu 26.9708 13.1029 13.3150 7.3010e+00 1.3010e+00
14.3425 13.3425     inf he4+n14-->p+o17  2.2718 f17-->o17+e++nu 26.9708 13.1304 13.3425 7.3010e+00 1.3010e+00
14.3700 13.3700     inf he4+n14-->p+o17  2.2718 f17-->o17+e++nu 26.9708 13.1579 13.3700 7.3010e+00 1.3010e+00
14.3975 13.3975     inf he4+n14-->p+o17  2.2718 f17-->o17+e++nu 26.9708 13.1854 13.3975 7.3010e+00 1.3010e+00
14.4250 13.4250     inf he4+n14-->p+o17  2.2718 f17-->o17+e++nu 26.9708 13.2129 13.4250 7.3010e+00 1.3010e+00
14.4525 12.9400     inf he4+n14-->p+o17  2.2718 f17-->o17+e++nu 26.9708 12.6390 12.9400 7.3010e+00 1.3010e+00
14.4800 13.2931     inf he4+n14-->p+o17  2.2718 f17-->o17+e++nu 26.9708 12.9921 13.2931 7.3010e+00 1.3010e+00
14.5075 11.3125     inf he4+n14-->p+o17  2.2718 f17-->o17+e++nu 26.9708 11.0115 11.3125 7.3010e+00 1.3010e+00
14.5350 13.2092     inf he4+n14-->p+o17  2.2718 f17-->o17+e++nu 26.9708 12.9081 13.2092 7.3010e+00 1.3010e+00
14.5625 13.0948     inf he4+n14-->p+o17  2.2718 f17-->o17+e++nu 26.9708 12.7937 13.0948 7.3010e+00 1.3010e+00
14.5900 13.3592     inf he4+n14-->p+o17  2.2718 f17-->o17+e++nu 26.9708 13.0581 13.3592 7.3010e+00 1.3010e+00
14.6175 12.7103     inf he4+n14-->p+o17  2.2718 f17-->o17+e++nu 26.9708 12.4093 12.7103 7.3010e+00 1.3010e+00
14.6450 13.3691     inf he4+n14-->p+o17  2.2718 f17-->o17+e++nu 26.9708 13.0681 13.3691 7.3010e+00 1.3010e+00
14.6725 13.0391     inf he4+n14-->p+o17  2.2718 f17-->o17+e++nu 26.9708 12.7380 13.0391 7.3010e+00 1.3010e+00
14.7000 13.5979     inf he4+n14-->p+o17  2.2718 f17-->o17+e++nu 26.9708 13.2969 13.5979 7.3010e+00 1.3010e+00
14.7275 13.7275     inf he4+n14-->p+o17  2.2718 f17-->o17+e++nu 26.9708 13.5154 13.7275 7.3010e+00 1.3010e+00
14.7550 13.5209     inf he4+n14-->p+o17  2.2718 f17-->o17+e++nu 26.9708 13.2198 13.5209 7.3010e+00 1.3010e+00
14.7825 12.9038     inf he4+n14-->p+o17  2.2718 f17-->o17+e++nu 26.9708 12.6028 12.9038 7.3010e+00 1.3010e+00
14.8100 13.4935     inf he4+n14-->p+o17  2.2718 f17-->o17+e++nu 26.9708 13.1924 13.4935 7.3010e+00 1.3010e+00
14.8375 13.3446     inf he4+n14-->p+o17  2.2718 f17-->o17+e++nu 26.9708 13.0436 13.3446 7.3010e+00 1.3010e+00
14.8650 13.6600     inf he4+n14-->p+o17  2.2718 f17-->o17+e++nu 26.9708 13.3589 13.6600 7.3010e+00 1.3010e+00
14.8925 12.6433     inf he4+n14-->p+o17  2.2718 f17-->o17+e++nu 26.9708 12.3423 12.6433 7.3010e+00 1.3010e+00
14.9200 13.6074     inf he4+n14-->p+o17  2.2718 f17-->o17+e++nu 26.9708 13.3064 13.6074 7.3010e+00 1.3010e+00
14.9475 13.7164     inf he4+n14-->p+o17  2.2718 f17-->o17+e++nu 26.9708 13.4154 13.7164 7.3010e+00 1.3010e+00
14.9750 13.6547     inf he4+n14-->p+o17  2.2718 f17-->o17+e++nu 26.9708 13.3536 13.6547 7.3010e+00 1.3010e+00
15.0025 13.1844     inf he4+n14-->p+o17  2.2718 f17-->o17+e++nu 26.9708 12.9795 13.1844 7.3010e+00 1.3010e+00
15.0300 13.3754     inf he4+n14-->p+o17  2.2718 f17-->o17+e++nu 26.9708 13.0743 13.3754 7.3010e+00 1.3010e+00
15.0575 13.2211     inf he4+n14-->p+o17  2.2718 f17-->o17+e++nu 26.9708 12.9200 13.2211 7.3010e+00 1.3010e+00
15.0850 12.9237     inf he4+n14-->p+o17  2.2718 f17-->o17+e++nu 26.9708 12.6226 12.9237 7.3010e+00 1.3010e+00
15.1125 11.2676     inf he4+n14-->p+o17  2.2718 f17-->o17+e++nu 26.9708 10.9666 11.2676 7.3010e+00 1.3010e+00
15.1400 13.2298     inf he4+n14-->p+o17  2.2718 f17-->o17+e++nu 26.9708 12.9287 13.2298 7.3010e+00 1.3010e+00
15.1675 12.1159     inf he4+n14-->p+o17  2.2718 f17-->o17+e++nu 26.9708 11.8148 12.1159 7.3010e+00 1.3010e+00
15.1950 13.0291     inf he4+n14-->p+o17  2.2718 f17-->o17+e++nu 26.9708 12.7889 13.0291 7.3010e+00 1.3010e+00
15.2225 12.7368     inf he4+n14-->p+o17  2.2718 f17-->o17+e++nu 26.9708 12.4627 12.7368 7.3010e+00 1.3010e+00
15.2500 13.0478     inf he4+n14-->p+o17  2.2718 f17-->o17+e++nu 26.9708 12.7542 13.0478 7.3010e+00 1.3010e+00
15.2775 13.0163     inf he4+n14-->p+o17  2.2718 f17-->o17+e++nu 26.9708 12.7153 13.0163 7.3010e+00 1.3010e+00
15.3050 12.8668     inf he4+n14-->p+o17  2.2718 f17-->o17+e++nu 26.9708 12.5658 12.8668 7.3010e+00 1.3010e+00
15.3325 12.4103     inf he4+n14-->p+o17  2.2718 f17-->o17+e++nu 26.9708 12.1092 12.4103 7.3010e+00 1.3010e+00
15.3600 12.9582     inf he4+n14-->p+o17  2.2718 f17-->o17+e++nu 26.9708 12.6696 12.9582 7.3010e+00 1.3010e+00
15.3875 13.0111     inf he4+n14-->p+o17  2.2718 f17-->o17+e++nu 26.9708 12.7509 13.0111 7.3010e+00 1.3010e+00
15.4150 13.0975     inf he4+n14-->p+o17  2.2718 f17-->o17+e++nu 26.9708 12.8310 13.0975 7.3010e+00 1.3010e+00
15.4425 12.9283     inf he4+n14-->p+o17  2.2718 f17-->o17+e++nu 26.9708 12.6273 12.9283 7.3010e+00 1.3010e+00
15.4700 12.9041     inf he4+n14-->p+o17  2.2718 f17-->o17+e++nu 26.9708 12.6030 12.9041 7.3010e+00 1.3010e+00
15.4975 12.9744     inf he4+n14-->p+o17  2.2718 f17-->o17+e++nu 26.9708 12.6734 12.9744 7.3010e+00 1.3010e+00
15.5250 12.2691     inf he4+n14-->p+o17  2.2718 f17-->o17+e++nu 26.9708 11.9681 12.2691 7.3010e+00 1.3010e+00
15.5525 12.9060     inf he4+n14-->p+o17  2.2718 f17-->o17+e++nu 26.9708 12.6049 12.9060 7.3010e+00 1.3010e+00
15.5800 12.9201     inf he4+n14-->p+o17  2.2718 f17-->o17+e++nu 26.9708 12.6248 12.9201 7.3010e+00 1.3010e+00
15.6075 13.1199     inf he4+n14-->p+o17  2.2718 f17-->o17+e++nu 26.9708 12.8189 13.1199 7.3010e+00 1.3010e+00
15.6350 12.7580     inf he4+n14-->p+o17  2.2718 f17-->o17+e++nu 26.9708 12.4570 12.7580 7.3010e+00 1.3010e+00
15.6625 12.5384     inf he4+n14-->p+o17  2.2718 f17-->o17+e++nu 26.9708 12.2374 12.5384 7.3010e+00 1.3010e+00
15.6900 12.8697     inf he4+n14-->p+o17  2.2718 f17-->o17+e++nu 26.9708 12.5875 12.8697 7.3010e+00 1.3010e+00
15.7175 12.5873     inf he4+n14-->p+o17  2.2718 f17-->o17+e++nu 26.9708 12.3571 12.5873 7.3010e+00 1.3010e+00
15.7450 12.8026     inf he4+n14-->p+o17  2.2718 f17-->o17+e++nu 26.9708 12.5015 12.8026 7.3010e+00 1.3010e+00
15.7725 12.7984     inf he4+n14-->p+o17  2.2718 f17-->o17+e++nu 26.9708 12.4974 12.7984 7.3010e+00 1.3010e+00
15.8000 12.7597     inf he4+n14-->p+o17  2.2718 f17-->o17+e++nu 26.9708 12.4586 12.7597 7.3010e+00 1.3010e+00
15.8275 11.9797     inf he4+n14-->p+o17  2.2718 f17-->o17+e++nu 26.9708 11.6786 11.9797 7.3010e+00 1.3010e+00
15.8550 12.5679     inf he4+n14-->p+o17  2.2718 f17-->o17+e++nu 26.9708 12.3381 12.5679 7.3010e+00 1.3010e+00
15.8825 11.9423     inf he4+n14-->p+o17  2.2718 f17-->o17+e++nu 26.9708 11.6413 11.9423 7.3010e+00 1.3010e+00
15.9100 12.8569     inf he4+n14-->p+o17  2.2718 f17-->o17+e++nu 26.9708 12.5558 12.8569 7.3010e+00 1.3010e+00
15.9375 12.2140     inf he4+n14-->p+o17  2.2718 f17-->o17+e++nu 26.9708 11.9130 12.2140 7.3010e+00 1.3010e+00
15.9650 12.8316     inf he4+n14-->p+o17  2.2718 f17-->o17+e++nu 26.9708 12.5305 12.8316 7.3010e+00 1.3010e+00
15.9925 12.5708     inf he4+n14-->p+o17  2.2718 f17-->o17+e++nu 26.9708 12.2697 12.5708 7.3010e+00 1.3010e+00
16.0200 13.0031     inf he4+n14-->p+o17  2.2718 f17-->o17+e++nu 26.9708 12.7021 13.0031 7.3010e+00 1.3010e+00
16.0475 12.4146     inf he4+n14-->p+o17  2.2718 f17-->o17+e++nu 26.9708 12.1136 12.4146 7.3010e+00 1.3010e+00
16.0750 12.9024     inf he4+n14-->p+o17  2.2718 f17-->o17+e++nu 26.9708 12.6058 12.9024 7.3010e+00 1.3010e+00
16.1025 12.7809     inf he4+n14-->p+o17  2.2718 f17-->o17+e++nu 26.9708 12.4798 12.7809 7.3010e+00 1.3010e+00
16.1300 12.5121     inf he4+n14-->p+o17  2.2718 f17-->o17+e++nu 26.9708 12.2111 12.5121 7.3010e+00 1.3010e+00
16.1575 12.7308     inf he4+n14-->p+o17  2.2718 f17-->o17+e++nu 26.9708 12.4298 12.7308 7.3010e+00 1.3010e+00
16.1850 12.6475     inf he4+n14-->p+o17  2.2718 f17-->o17+e++nu 26.9708 12.3465 12.6475 7.3010e+00 1.3010e+00
16.2125 12.6649     inf he4+n14-->p+o17  2.2718 f17-->o17+e++nu 26.9708 12.4602 12.6649 7.3010e+00 1.3010e+00
16.2400 12.2499     inf he4+n14-->p+o17  2.2718 f17-->o17+e++nu 26.9708 11.9488 12.2499 7.3010e+00 1.3010e+00
16.2675 12.6065     inf he4+n14-->p+o17  2.2718 f17-->o17+e++nu 26.9708 12.3054 12.6065 7.3010e+00 1.3010e+00
16.2950 12.3852     inf he4+n14-->p+o17  2.2718 f17-->o17+e++nu 26.9708 12.0841 12.3852 7.3010e+00 1.3010e+00
16.3225 12.4832     inf he4+n14-->p+o17  2.2718 f17-->o17+e++nu 26.9708 12.1821 12.4832 7.3010e+00 1.3010e+00
16.3500 12.2962     inf he4+n14-->p+o17  2.2718 f17-->o17+e++nu 26.9708 11.9952 12.2962 7.3010e+00 1.3010e+00
16.3775 12.9182     inf he4+n14-->p+o17  2.2718 f17-->o17+e++nu 26.9708 12.6716 12.9182 7.3010e+00 1.3010e+00
16.4050 12.1142     inf he4+n14-->p+o17  2.2718 f17-->o17+e++nu 26.9708 11.8132 12.1142 7.3010e+00 1.3010e+00
16.4325 12.8899     inf he4+n14-->p+o17  2.2718 f17-->o17+e++nu 26.9708 12.6880 12.8899 7.3010e+00 1.3010e+00
16.4600 12.1115     inf he4+n14-->p+o17  2.2718 f17-->o17+e++nu 26.9708 11.8105 12.1115 7.3010e+00 1.3010e+00
16.4875 12.9801     inf he4+n14-->p+o17  2.2718 f17-->o17+e++nu 26.9708 12.7515 12.9801 7.3010e+00 1.3010e+00
16.5150 13.1234     inf he4+n14-->p+o17  2.2718 f17-->o17+e++nu 26.9708 12.8224 13.1234 7.3010e+00 1.3010e+00
16.5425 12.9170     inf he4+n14-->p+o17  2.2718 f17-->o17+e++nu 26.9708 12.6159 12.9170 7.3010e+00 1.3010e+00
16.5700 13.2395     inf he4+n14-->p+o17  2.2718 f17-->o17+e++nu 26.9708 12.9385 13.2395 7.3010e+00 1.3010e+00
16.5975 12.2271     inf he4+n14-->p+o17  2.2718 f17-->o17+e++nu 26.9708 11.9260 12.2271 7.3010e+00 1.3010e+00
16.6250 13.2084     inf he4+n14-->p+o17  2.2718 f17-->o17+e++nu 26.9708 12.9074 13.2084 7.3010e+00 1.3010e+00
16.6525 13.3748     inf he4+n14-->p+o17  2.2718 f17-->o17+e++nu 26.9708 13.0738 13.3748 7.3010e+00 1.3010e+00
16.6800 13.4387     inf he4+n14-->p+o17  2.2718 f17-->o17+e++nu 26.9708 13.1377 13.4387 7.3010e+00 1.3010e+00
16.7075 12.9611     inf he4+n14-->p+o17  2.2718 f17-->o17+e++nu 26.9708 12.6600 12.9611 7.3010e+00 1.3010e+00
16.7350 12.5665     inf he4+n14-->p+o17  2.2718 f17-->o17+e++nu 26.9708 12.2655 12.5665 7.3010e+00 1.3010e+00
16.7625 12.9906     inf he4+n14-->p+o17  2.2718 f17-->o17+e++nu 26.9708 12.7135 12.9906 7.3010e+00 1.3010e+00
16.7900 12.8731     inf he4+n14-->p+o17  2.2718 f17-->o17+e++nu 26.9708 12.5720 12.8731 7.3010e+00 1.3010e+00
16.8175 12.9193     inf he4+n14-->p+o17  2.2718 f17-->o17+e++nu 26.9708 12.6182 12.9193 7.3010e+00 1.3010e+00
16.8450 12.9792     inf he4+n14-->p+o17  2.2718 f17-->o17+e++nu 26.9708 12.6781 12.9792 7.3010e+00 1.3010e+00
16.8725 13.5073     inf he4+n14-->p+o17  2.2718 f17-->o17+e++nu 26.9708 13.2073 13.5073 7.3010e+00 1.3010e+00
16.9000 13.3535     inf he4+n14-->p+o17  2.2718 f17-->o17+e++nu 26.9708 13.0525 13.3535 7.3010e+00 1.3010e+00
16.9275 13.0193     inf he4+n14-->p+o17  2.2718 f17-->o17+e++nu 26.9708 12.7182 13.0193 7.3010e+00 1.3010e+00
16.9550 13.0063     inf he4+n14-->p+o17  2.2718 f17-->o17+e++nu 26.9708 12.7052 13.0063 7.3010e+00 1.3010e+00
16.9825 12.9638     inf he4+n14-->p+o17  2.2718 f17-->o17+e++nu 26.9708 12.6628 12.9638 7.3010e+00 1.3010e+00
17.0100 13.0644     inf he4+n14-->p+o17  2.2718 f17-->o17+e++nu 26.9708 12.7634 13.0644 7.3010e+00 1.3010e+00
17.0375 13.2826     inf he4+n14-->p+o17  2.2718 f17-->o17+e++nu 26.9708 12.9816 13.2826 7.3010e+00 1.3010e+00
17.0650 12.5249     inf he4+n14-->p+o17  2.2718 f17-->o17+e++nu 26.9708 12.2239 12.5249 7.3010e+00 1.3010e+00
17.0925 12.4626     inf he4+n14-->p+o17  2.2718 f17-->o17+e++nu 26.9708 12.1615 12.4626 7.3010e+00 1.3010e+00
17.1200 12.9589     inf he4+n14-->p+o17  2.2718 f17-->o17+e++nu 26.9708 12.6579 12.9589 7.3010e+00 1.3010e+00
17.1475 13.1857     inf he4+n14-->p+o17  2.2718 f17-->o17+e++nu 26.9708 12.8847 13.1857 7.3010e+00 1.3010e+00
17.1750 13.3804     inf he4+n14-->p+o17  2.2718 f17-->o17+e++nu 26.9708 13.0794 13.3804 7.3010e+00 1.3010e+00
17.2025 12.9242     inf he4+n14-->p+o17  2.2718 f17-->o17+e++nu 26.9708 12.6232 12.9242 7.3010e+00 1.3010e+00
17.2300 13.3559     inf he4+n14-->p+o17  2.2718 f17-->o17+e++nu 26.9708 13.0549 13.3559 7.3010e+00 1.3010e+00
17.2575 13.3365     inf he4+n14-->p+o17  2.2718 f17-->o17+e++nu 26.9708 13.0774 13.3365 7.3010e+00 1.3010e+00
17.2850 13.8383     inf he4+n14-->p+o17  2.2718 f17-->o17+e++nu 26.9708 13.5372 13.8383 7.3010e+00 1.3010e+00
17.3125 12.9332     inf he4+n14-->p+o17  2.2718 f17-->o17+e++nu 26.9708 12.6322 12.9332 7.3010e+00 1.3010e+00
17.3400 12.0334     inf he4+n14-->p+o17  2.2718 f17-->o17+e++nu 26.9708 11.7324 12.0334 7.3010e+00 1.3010e+00
17.3675 13.7459     inf he4+n14-->p+o17  2.2718 f17-->o17+e++nu 26.9708 13.4448 13.7459 7.3010e+00 1.3010e+00
17.3950 13.1587     inf he4+n14-->p+o17  2.2718 f17-->o17+e++nu 26.9708 12.8577 13.1587 7.3010e+00 1.3010e+00
17.4225 13.1514     inf he4+n14-->p+o17  2.2718 f17-->o17+e++nu 26.9708 12.8504 13.1514 7.3010e+00 1.3010e+00
17.4500 14.1245     inf he4+n14-->p+o17  2.2718 f17-->o17+e++nu 26.9708 13.8234 14.1245 7.3010e+00 1.3010e+00
17.4775 12.9865     inf he4+n14-->p+o17  2.2718 f17-->o17+e++nu 26.9708 12.6854 12.9865 7.3010e+00 1.3010e+00
17.5050 13.6068     inf he4+n14-->p+o17  2.2718 f17-->o17+e++nu 26.9708 13.3058 13.6068 7.3010e+00 1.3010e+00
17.5325 13.9799     inf he4+n14-->p+o17  2.2718 f17-->o17+e++nu 26.9708 13.6788 13.9799 7.3010e+00 1.3010e+00
17.5600 13.6058     inf he4+n14-->p+o17  2.2718 f17-->o17+e++nu 26.9708 13.3048 13.6058 7.3010e+00 1.3010e+00
17.5875 13.9956     inf he4+n14-->p+o17  2.2718 f17-->o17+e++nu 26.9708 13.7096 13.9956 7.3010e+00 1.3010e+00
17.6150 13.6462     inf he4+n14-->p+o17  2.2718 f17-->o17+e++nu 26.9708 13.3452 13.6462 7.3010e+00 1.3010e+00
17.6425 14.1120     inf he4+n14-->p+o17  2.2718 f17-->o17+e++nu 26.9708 13.8110 14.1120 7.3010e+00 1.3010e+00
17.6700 14.5444     inf he4+n14-->p+o17  2.2718 f17-->o17+e++nu 26.9708 14.2434 14.5444 7.3010e+00 1.3010e+00
17.6975 14.7248     inf he4+n14-->p+o17  2.2718 f17-->o17+e++nu 26.9708 14.4237 14.7248 7.3010e+00 1.3010e+00
17.7250 15.1053     inf he4+n14-->p+o17  2.2718 f17-->o17+e++nu 26.9708 14.8043 15.1053 7.3010e+00 1.3010e+00
17.7525 14.8789     inf he4+n14-->p+o17  2.2718 f17-->o17+e++nu 26.9708 14.6011 14.8789 7.3010e+00 1.3010e+00
17.7800 14.7940     inf he4+n14-->p+o17  2.2718 f17-->o17+e++nu 26.9708 14.4930 14.7940 7.3010e+00 1.3010e+00
17.8075 15.6480     inf he4+n14-->p+o17  2.2718 f17-->o17+e++nu 26.9708 15.3469 15.6480 7.3010e+00 1.3010e+00
17.8350 15.4676     inf he4+n14-->p+o17  2.2718 f17-->o17+e++nu 26.9708 15.1666 15.4676 7.3010e+00 1.3010e+00
17.8625 15.5783     inf he4+n14-->p+o17  2.2718 f17-->o17+e++nu 26.9708 15.2773 15.5783 7.3010e+00 1.3010e+00
17.8900 16.0927     inf he4+n14-->p+o17  2.2718 f17-->o17+e++nu 26.9708 15.7917 16.0927 7.3010e+00 1.3010e+00
17.9175 16.1367     inf he4+n14-->p+o17  2.2718 f17-->o17+e++nu 26.9708 15.8921 16.1367 7.3010e+00 1.3010e+00
17.9450 16.1657     inf he4+n14-->p+o17  2.2718 f17-->o17+e++nu 26.9708 15.9551 16.1657 7.3010e+00 1.3010e+00
17.9725 16.6521     inf he4+n14-->p+o17  2.2718 f17-->o17+e++nu 26.9708 16.3510 16.6521 7.3010e+00 1.3010e+00
18.0000 16.7773     inf he4+n14-->p+o17  2.2718 f17-->o17+e++nu 26.9708 16.4763 16.7773 7.3010e+00 1.3010e+00
