+7.027 +5.985  9.911  2.883 0.312 0.000 1.000 -2.400e+01 -1.496e-01 -5.591e-01 -2.517e+00 -4.436e+00 -1.180e+01 -2.957e+00 -5.360e+00 -1.509e+01 -2.017e+00 -5.305e+00 -4.662e+00 -1.631e+01 -1.751e+01 -1.327e+01 -2.806e+00
+7.055 +6.055  9.938  2.883 0.312 0.000 1.000 -2.400e+01 -1.496e-01 -5.591e-01 -2.517e+00 -4.436e+00 -1.180e+01 -2.957e+00 -5.360e+00 -1.509e+01 -2.017e+00 -5.305e+00 -4.662e+00 -1.631e+01 -1.751e+01 -1.324e+01 -2.806e+00
+7.082 +6.082  9.966  2.883 0.250 0.000 1.000 -2.330e+01 -1.496e-01 -5.591e-01 -2.517e+00 -4.436e+00 -1.180e+01 -2.957e+00 -5.360e+00 -1.509e+01 -2.017e+00 -5.305e+00 -4.662e+00 -1.631e+01 -1.751e+01 -1.321e+01 -2.806e+00
+7.110 +6.110  9.993  2.883 0.250 0.000 1.000   nan -1.496e-01 -5.591e-01 -2.517e+00 -4.436e+00 -1.180e+01 -2.957e+00 -5.360e+00 -1.509e+01 -2.017e+00 -5.305e+00 -4.662e+00 -1.631e+01 -1.751e+01 -1.319e+01 -2.806e+00
+7.137 +6.137 10.021  2.883 0.312 0.000 1.000 -2.400e+01 -1.496e-01 -5.591e-01 -2.517e+00 -4.436e+00 -1.180e+01 -2.957e+00 -5.360e+00 -1.509e+01 -2.017e+00 -5.305e+00 -4.662e+00 -1.631e+01 -1.751e+01 -1.316e+01 -2.806e+00
+7.165 +6.165 10.048  2.883 0.312 0.000 1.000 -2.400e+01 -1.496e-01 -5.591e-01 -2.517e+00 -4.436e+00 -1.180e+01 -2.957e+00 -5.360e+00 -1.509e+01 -2.017e+00 -5.305e+00 -4.662e+00 -1.631e+01 -1.751e+01 -1.313e+01 -2.806e+00
+7.192 +6.192 10.076  2.883 0.250 0.000 1.000 -2.321e+01 -1.496e-01 -5.591e-01 -2.517e+00 -4.436e+00 -1.180e+01 -2.957e+00 -5.360e+00 -1.509e+01 -2.017e+00 -5.305e+00 -4.662e+00 -1.631e+01 -1.751e+01 -1.310e+01 -2.806e+00
+7.220 +6.220 10.103  2.883 0.250 0.000 1.000   nan -1.496e-01 -5.591e-01 -2.517e+00 -4.436e+00 -1.180e+01 -2.957e+00 -5.360e+00 -1.509e+01 -2.017e+00 -5.305e+00 -4.662e+00 -1.631e+01 -1.751e+01 -1.308e+01 -2.806e+00
+7.247 +6.247 10.131  2.883 0.250 0.000 1.000 -2.321e+01 -1.496e-01 -5.591e-01 -2.517e+00 -4.436e+00 -1.180e+01 -2.957e+00 -5.360e+00 -1.509e+01 -2.017e+00 -5.305e+00 -4.662e+00 -1.631e+01 -1.751e+01 -1.305e+01 -2.806e+00
+7.275 +6.275 10.158  2.883 0.250 0.000 1.000   nan -1.496e-01 -5.591e-01 -2.517e+00 -4.436e+00 -1.180e+01 -2.957e+00 -5.360e+00 -1.509e+01 -2.017e+00 -5.305e+00 -4.662e+00 -1.631e+01 -1.751e+01 -1.302e+01 -2.806e+00
+7.302 +6.302 10.186  2.883 0.250 0.000 1.000 -2.321e+01 -1.496e-01 -5.591e-01 -2.517e+00 -4.436e+00 -1.180e+01 -2.957e+00 -5.360e+00 -1.509e+01 -2.017e+00 -5.305e+00 -4.662e+00 -1.631e+01 -1.751e+01 -1.299e+01 -2.806e+00
+7.330 +6.330 10.213  2.883 0.250 0.000 1.000   nan -1.496e-01 -5.591e-01 -2.517e+00 -4.436e+00 -1.180e+01 -2.957e+00 -5.360e+00 -1.509e+01 -2.017e+00 -5.305e+00 -4.662e+00 -1.631e+01 -1.751e+01 -1.297e+01 -2.806e+00
+7.357 +6.357 10.241  2.883 0.250 0.000 1.000 -2.321e+01 -1.496e-01 -5.591e-01 -2.517e+00 -4.436e+00 -1.180e+01 -2.957e+00 -5.360e+00 -1.509e+01 -2.017e+00 -5.305e+00 -4.662e+00 -1.631e+01 -1.751e+01 -1.294e+01 -2.806e+00
+7.385 +6.385 10.268  2.883 0.250 0.000 1.000   nan -1.496e-01 -5.591e-01 -2.517e+00 -4.436e+00 -1.180e+01 -2.957e+00 -5.360e+00 -1.509e+01 -2.017e+00 -5.305e+00 -4.662e+00 -1.631e+01 -1.751e+01 -1.291e+01 -2.806e+00
+7.412 +6.412 10.296  2.883 0.250 0.000 1.000 -2.321e+01 -1.496e-01 -5.591e-01 -2.517e+00 -4.436e+00 -1.180e+01 -2.957e+00 -5.360e+00 -1.509e+01 -2.017e+00 -5.305e+00 -4.662e+00 -1.631e+01 -1.751e+01 -1.288e+01 -2.806e+00
+7.440 +6.440 10.323  2.883 0.250 0.000 1.000   nan -1.496e-01 -5.591e-01 -2.517e+00 -4.436e+00 -1.180e+01 -2.957e+00 -5.360e+00 -1.509e+01 -2.017e+00 -5.305e+00 -4.662e+00 -1.631e+01 -1.751e+01 -1.286e+01 -2.806e+00
+7.467 +6.467 10.351  2.883 0.250 0.000 1.000 -2.321e+01 -1.496e-01 -5.591e-01 -2.517e+00 -4.436e+00 -1.180e+01 -2.957e+00 -5.360e+00 -1.509e+01 -2.017e+00 -5.305e+00 -4.662e+00 -1.631e+01 -1.751e+01 -1.283e+01 -2.806e+00
+7.495 +6.495 10.378  2.883 0.250 0.000 1.000   nan -1.496e-01 -5.591e-01 -2.517e+00 -4.435e+00 -1.180e+01 -2.957e+00 -5.361e+00 -1.509e+01 -2.017e+00 -5.305e+00 -4.662e+00 -1.631e+01 -1.751e+01 -1.280e+01 -2.806e+00
+7.522 +6.522 10.406  2.883 0.250 0.000 1.000 -2.321e+01 -1.496e-01 -5.591e-01 -2.517e+00 -4.435e+00 -1.180e+01 -2.957e+00 -5.361e+00 -1.509e+01 -2.017e+00 -5.305e+00 -4.662e+00 -1.631e+01 -1.751e+01 -1.277e+01 -2.806e+00
+7.550 +6.550 10.433  2.883 0.250 0.000 1.000   nan -1.496e-01 -5.591e-01 -2.517e+00 -4.435e+00 -1.180e+01 -2.957e+00 -5.361e+00 -1.509e+01 -2.017e+00 -5.305e+00 -4.662e+00 -1.631e+01 -1.751e+01 -1.275e+01 -2.806e+00
+7.577 +6.577 10.461  2.883 0.250 0.000 1.000 -2.321e+01 -1.496e-01 -5.591e-01 -2.517e+00 -4.435e+00 -1.180e+01 -2.957e+00 -5.361e+00 -1.509e+01 -2.017e+00 -5.305e+00 -4.662e+00 -1.631e+01 -1.751e+01 -1.272e+01 -2.806e+00
+7.605 +6.605 10.488  2.883 0.250 0.000 1.000   nan -1.496e-01 -5.591e-01 -2.517e+00 -4.435e+00 -1.180e+01 -2.957e+00 -5.361e+00 -1.509e+01 -2.017e+00 -5.305e+00 -4.662e+00 -1.631e+01 -1.751e+01 -1.269e+01 -2.806e+00
+7.632 +6.632 10.516  2.883 0.250 0.000 1.000 -2.321e+01 -1.496e-01 -5.591e-01 -2.517e+00 -4.435e+00 -1.180e+01 -2.957e+00 -5.361e+00 -1.509e+01 -2.017e+00 -5.305e+00 -4.662e+00 -1.631e+01 -1.751e+01 -1.266e+01 -2.806e+00
+7.660 +6.660 10.543  2.883 0.250 0.000 1.000   nan -1.496e-01 -5.591e-01 -2.517e+00 -4.435e+00 -1.180e+01 -2.957e+00 -5.361e+00 -1.509e+01 -2.017e+00 -5.305e+00 -4.662e+00 -1.631e+01 -1.751e+01 -1.264e+01 -2.806e+00
+7.687 +6.687 10.571  2.883 0.250 0.000 1.000 -2.321e+01 -1.496e-01 -5.591e-01 -2.517e+00 -4.435e+00 -1.180e+01 -2.957e+00 -5.361e+00 -1.509e+01 -2.017e+00 -5.305e+00 -4.662e+00 -1.631e+01 -1.751e+01 -1.261e+01 -2.806e+00
+7.715 +6.715 10.598  2.883 0.250 0.000 1.000   nan -1.496e-01 -5.591e-01 -2.517e+00 -4.435e+00 -1.180e+01 -2.957e+00 -5.362e+00 -1.509e+01 -2.017e+00 -5.305e+00 -4.662e+00 -1.631e+01 -1.751e+01 -1.258e+01 -2.806e+00
+7.742 +6.742 10.626  2.883 0.250 0.000 1.000 -2.321e+01 -1.496e-01 -5.591e-01 -2.517e+00 -4.435e+00 -1.180e+01 -2.957e+00 -5.362e+00 -1.509e+01 -2.017e+00 -5.305e+00 -4.662e+00 -1.631e+01 -1.751e+01 -1.255e+01 -2.806e+00
+7.770 +6.770 10.653  2.883 0.250 0.000 1.000   nan -1.496e-01 -5.591e-01 -2.517e+00 -4.435e+00 -1.180e+01 -2.957e+00 -5.362e+00 -1.509e+01 -2.017e+00 -5.305e+00 -4.662e+00 -1.631e+01 -1.751e+01 -1.253e+01 -2.806e+00
+7.797 +6.797 10.680  2.883 0.250 0.000 1.000 -2.321e+01 -1.496e-01 -5.591e-01 -2.517e+00 -4.435e+00 -1.180e+01 -2.957e+00 -5.362e+00 -1.509e+01 -2.017e+00 -5.305e+00 -4.662e+00 -1.631e+01 -1.751e+01 -1.250e+01 -2.806e+00
+7.825 +6.825 10.708  2.883 0.250 0.000 1.000   nan -1.496e-01 -5.591e-01 -2.517e+00 -4.435e+00 -1.180e+01 -2.957e+00 -5.362e+00 -1.509e+01 -2.017e+00 -5.305e+00 -4.662e+00 -1.631e+01 -1.751e+01 -1.247e+01 -2.806e+00
+7.852 +6.852 10.735  2.883 0.250 0.000 1.000 -2.321e+01 -1.496e-01 -5.591e-01 -2.517e+00 -4.435e+00 -1.180e+01 -2.957e+00 -5.362e+00 -1.509e+01 -2.017e+00 -5.305e+00 -4.662e+00 -1.631e+01 -1.751e+01 -1.244e+01 -2.806e+00
+7.880 +6.880 10.763  2.883 0.250 0.000 1.000   nan -1.496e-01 -5.591e-01 -2.517e+00 -4.435e+00 -1.180e+01 -2.957e+00 -5.363e+00 -1.509e+01 -2.017e+00 -5.305e+00 -4.662e+00 -1.631e+01 -1.751e+01 -1.242e+01 -2.806e+00
+7.907 +6.907 10.790  2.883 0.250 0.000 1.000 -2.321e+01 -1.496e-01 -5.591e-01 -2.517e+00 -4.434e+00 -1.180e+01 -2.957e+00 -5.363e+00 -1.509e+01 -2.017e+00 -5.305e+00 -4.662e+00 -1.631e+01 -1.751e+01 -1.239e+01 -2.806e+00
+7.935 +6.935 10.818  2.883 0.250 0.000 1.000   nan -1.496e-01 -5.591e-01 -2.517e+00 -4.434e+00 -1.180e+01 -2.957e+00 -5.363e+00 -1.509e+01 -2.017e+00 -5.305e+00 -4.662e+00 -1.631e+01 -1.751e+01 -1.236e+01 -2.806e+00
+7.962 +6.962 10.845  2.882 0.250 0.000 1.000 -2.321e+01 -1.496e-01 -5.591e-01 -2.517e+00 -4.434e+00 -1.180e+01 -2.957e+00 -5.363e+00 -1.509e+01 -2.017e+00 -5.305e+00 -4.662e+00 -1.631e+01 -1.751e+01 -1.233e+01 -2.806e+00
+7.990 +6.990 10.873  2.882 0.250 0.000 1.000   nan -1.496e-01 -5.591e-01 -2.517e+00 -4.434e+00 -1.180e+01 -2.957e+00 -5.364e+00 -1.509e+01 -2.017e+00 -5.305e+00 -4.662e+00 -1.631e+01 -1.751e+01 -1.231e+01 -2.806e+00
+8.017 +7.017 10.900  2.882 0.250 0.000 1.000 -2.321e+01 -1.496e-01 -5.591e-01 -2.517e+00 -4.434e+00 -1.180e+01 -2.957e+00 -5.364e+00 -1.509e+01 -2.017e+00 -5.305e+00 -4.662e+00 -1.631e+01 -1.751e+01 -1.228e+01 -2.806e+00
+8.045 +7.045 10.928  2.882 0.250 0.000 1.000   nan -1.496e-01 -5.591e-01 -2.517e+00 -4.434e+00 -1.180e+01 -2.957e+00 -5.364e+00 -1.509e+01 -2.017e+00 -5.305e+00 -4.662e+00 -1.631e+01 -1.751e+01 -1.225e+01 -2.806e+00
+8.072 +7.072 10.955  2.882 0.250 0.000 1.000 -2.321e+01 -1.496e-01 -5.591e-01 -2.517e+00 -4.434e+00 -1.180e+01 -2.957e+00 -5.365e+00 -1.509e+01 -2.017e+00 -5.305e+00 -4.662e+00 -1.631e+01 -1.751e+01 -1.222e+01 -2.806e+00
+8.100 +7.100 10.983  2.882 0.250 0.000 1.000   nan -1.496e-01 -5.591e-01 -2.517e+00 -4.433e+00 -1.180e+01 -2.957e+00 -5.365e+00 -1.509e+01 -2.017e+00 -5.305e+00 -4.662e+00 -1.631e+01 -1.751e+01 -1.220e+01 -2.806e+00
+8.127 +7.127 11.010  2.882 0.250 0.000 1.000 -2.321e+01 -1.496e-01 -5.591e-01 -2.517e+00 -4.433e+00 -1.180e+01 -2.957e+00 -5.366e+00 -1.509e+01 -2.017e+00 -5.305e+00 -4.662e+00 -1.631e+01 -1.751e+01 -1.217e+01 -2.806e+00
+8.155 +7.155 11.038  2.882 0.250 0.000 1.000   nan -1.496e-01 -5.591e-01 -2.517e+00 -4.433e+00 -1.180e+01 -2.957e+00 -5.366e+00 -1.509e+01 -2.017e+00 -5.305e+00 -4.662e+00 -1.631e+01 -1.751e+01 -1.214e+01 -2.806e+00
+8.182 +7.182 11.065  2.882 0.250 0.000 1.000 -2.321e+01 -1.496e-01 -5.591e-01 -2.517e+00 -4.433e+00 -1.180e+01 -2.957e+00 -5.366e+00 -1.509e+01 -2.017e+00 -5.305e+00 -4.662e+00 -1.631e+01 -1.751e+01 -1.211e+01 -2.806e+00
+8.210 +7.210 11.093  2.882 0.250 0.000 1.000   nan -1.496e-01 -5.591e-01 -2.517e+00 -4.433e+00 -1.180e+01 -2.957e+00 -5.367e+00 -1.509e+01 -2.017e+00 -5.305e+00 -4.662e+00 -1.631e+01 -1.751e+01 -1.209e+01 -2.806e+00
+8.237 +7.237 11.120  2.882 0.250 0.000 1.000 -2.321e+01 -1.496e-01 -5.591e-01 -2.517e+00 -4.433e+00 -1.180e+01 -2.957e+00 -5.367e+00 -1.509e+01 -2.017e+00 -5.305e+00 -4.662e+00 -1.631e+01 -1.751e+01 -1.206e+01 -2.806e+00
+8.265 +7.265 11.147  2.882 0.250 0.000 1.000   nan -1.496e-01 -5.591e-01 -2.517e+00 -4.432e+00 -1.180e+01 -2.957e+00 -5.368e+00 -1.509e+01 -2.017e+00 -5.305e+00 -4.662e+00 -1.631e+01 -1.751e+01 -1.203e+01 -2.806e+00
+8.292 +7.292 11.175  2.882 0.250 0.000 1.000 -2.321e+01 -1.496e-01 -5.591e-01 -2.517e+00 -4.432e+00 -1.180e+01 -2.957e+00 -5.369e+00 -1.509e+01 -2.017e+00 -5.305e+00 -4.662e+00 -1.631e+01 -1.751e+01 -1.200e+01 -2.806e+00
+8.320 +7.320 11.202  2.881 0.250 0.000 1.000   nan -1.496e-01 -5.591e-01 -2.517e+00 -4.432e+00 -1.180e+01 -2.957e+00 -5.369e+00 -1.509e+01 -2.017e+00 -5.305e+00 -4.662e+00 -1.631e+01 -1.751e+01 -1.198e+01 -2.806e+00
+8.347 +7.347 11.230  2.881 0.250 0.000 1.000 -2.321e+01 -1.496e-01 -5.591e-01 -2.517e+00 -4.431e+00 -1.180e+01 -2.957e+00 -5.370e+00 -1.509e+01 -2.017e+00 -5.305e+00 -4.662e+00 -1.631e+01 -1.751e+01 -1.195e+01 -2.806e+00
+8.375 +7.375 11.257  2.881 0.250 0.000 1.000   nan -1.496e-01 -5.591e-01 -2.517e+00 -4.431e+00 -1.180e+01 -2.957e+00 -5.371e+00 -1.509e+01 -2.017e+00 -5.305e+00 -4.662e+00 -1.631e+01 -1.751e+01 -1.192e+01 -2.806e+00
+8.402 +7.402 11.285  2.881 0.250 0.000 1.000 -2.321e+01 -1.496e-01 -5.591e-01 -2.517e+00 -4.431e+00 -1.180e+01 -2.957e+00 -5.371e+00 -1.509e+01 -2.017e+00 -5.305e+00 -4.662e+00 -1.631e+01 -1.751e+01 -1.189e+01 -2.806e+00
+8.430 +7.430 11.312  2.881 0.250 0.000 1.000   nan -1.496e-01 -5.591e-01 -2.517e+00 -4.431e+00 -1.180e+01 -2.957e+00 -5.372e+00 -1.509e+01 -2.017e+00 -5.305e+00 -4.662e+00 -1.631e+01 -1.751e+01 -1.187e+01 -2.806e+00
+8.457 +7.457 11.339  2.881 0.250 0.000 1.000 -2.321e+01 -1.496e-01 -5.591e-01 -2.517e+00 -4.430e+00 -1.180e+01 -2.957e+00 -5.373e+00 -1.509e+01 -2.017e+00 -5.305e+00 -4.662e+00 -1.631e+01 -1.751e+01 -1.184e+01 -2.806e+00
+8.485 +7.485 11.367  2.881 0.250 0.000 1.000   nan -1.496e-01 -5.591e-01 -2.517e+00 -4.430e+00 -1.180e+01 -2.957e+00 -5.374e+00 -1.509e+01 -2.017e+00 -5.305e+00 -4.662e+00 -1.631e+01 -1.751e+01 -1.181e+01 -2.806e+00
+8.512 +7.512 11.394  2.880 0.250 0.000 1.000 -2.321e+01 -1.496e-01 -5.591e-01 -2.517e+00 -4.429e+00 -1.180e+01 -2.957e+00 -5.375e+00 -1.509e+01 -2.017e+00 -5.305e+00 -4.662e+00 -1.631e+01 -1.751e+01 -1.178e+01 -2.806e+00
+8.540 +7.540 11.422  2.880 0.250 0.000 1.000   nan -1.496e-01 -5.591e-01 -2.517e+00 -4.429e+00 -1.180e+01 -2.957e+00 -5.376e+00 -1.509e+01 -2.017e+00 -5.305e+00 -4.662e+00 -1.631e+01 -1.751e+01 -1.176e+01 -2.806e+00
+8.567 +7.567 11.449  2.880 0.250 0.000 1.000 -2.321e+01 -1.496e-01 -5.591e-01 -2.517e+00 -4.428e+00 -1.180e+01 -2.957e+00 -5.377e+00 -1.509e+01 -2.017e+00 -5.305e+00 -4.662e+00 -1.631e+01 -1.751e+01 -1.173e+01 -2.806e+00
+8.595 +7.595 11.477  2.880 0.250 0.000 1.000   nan -1.496e-01 -5.591e-01 -2.517e+00 -4.428e+00 -1.180e+01 -2.957e+00 -5.378e+00 -1.509e+01 -2.017e+00 -5.305e+00 -4.662e+00 -1.631e+01 -1.751e+01 -1.170e+01 -2.806e+00
+8.622 +7.622 11.504  2.880 0.250 0.000 1.000 -2.321e+01 -1.496e-01 -5.591e-01 -2.517e+00 -4.427e+00 -1.180e+01 -2.957e+00 -5.379e+00 -1.509e+01 -2.017e+00 -5.305e+00 -4.662e+00 -1.631e+01 -1.751e+01 -1.167e+01 -2.806e+00
+8.650 +7.650 11.531  2.879 0.250 0.000 1.000   nan -1.496e-01 -5.591e-01 -2.517e+00 -4.427e+00 -1.180e+01 -2.957e+00 -5.381e+00 -1.509e+01 -2.017e+00 -5.305e+00 -4.662e+00 -1.631e+01 -1.751e+01 -1.165e+01 -2.806e+00
+8.677 +7.677 11.559  2.879 0.250 0.000 1.000 -2.321e+01 -1.496e-01 -5.591e-01 -2.517e+00 -4.426e+00 -1.180e+01 -2.957e+00 -5.382e+00 -1.509e+01 -2.017e+00 -5.305e+00 -4.662e+00 -1.631e+01 -1.751e+01 -1.162e+01 -2.806e+00
+8.705 +7.705 11.586  2.879 0.250 0.000 1.000   nan -1.496e-01 -5.591e-01 -2.517e+00 -4.426e+00 -1.180e+01 -2.957e+00 -5.384e+00 -1.509e+01 -2.017e+00 -5.305e+00 -4.662e+00 -1.631e+01 -1.751e+01 -1.159e+01 -2.806e+00
+8.732 +7.732 11.613  2.879 0.250 0.000 1.000 -2.321e+01 -1.496e-01 -5.591e-01 -2.517e+00 -4.425e+00 -1.180e+01 -2.957e+00 -5.385e+00 -1.509e+01 -2.017e+00 -5.305e+00 -4.662e+00 -1.631e+01 -1.751e+01 -1.156e+01 -2.806e+00
+8.760 +7.760 11.641  2.878 0.250 0.000 1.000   nan -1.496e-01 -5.591e-01 -2.517e+00 -4.424e+00 -1.180e+01 -2.957e+00 -5.387e+00 -1.509e+01 -2.017e+00 -5.305e+00 -4.662e+00 -1.631e+01 -1.751e+01 -1.154e+01 -2.806e+00
+8.787 +7.787 11.668  2.878 0.250 0.000 1.000 -2.321e+01 -1.496e-01 -5.591e-01 -2.517e+00 -4.423e+00 -1.180e+01 -2.957e+00 -5.389e+00 -1.509e+01 -2.017e+00 -5.305e+00 -4.662e+00 -1.631e+01 -1.751e+01 -1.151e+01 -2.806e+00
+8.815 +7.815 11.695  2.878 0.250 0.000 1.000   nan -1.496e-01 -5.591e-01 -2.517e+00 -4.423e+00 -1.180e+01 -2.957e+00 -5.391e+00 -1.509e+01 -2.017e+00 -5.305e+00 -4.662e+00 -1.631e+01 -1.751e+01 -1.148e+01 -2.806e+00
+8.842 +7.842 11.723  2.877 0.250 0.000 1.000 -2.321e+01 -1.496e-01 -5.591e-01 -2.517e+00 -4.422e+00 -1.180e+01 -2.957e+00 -5.393e+00 -1.509e+01 -2.017e+00 -5.305e+00 -4.662e+00 -1.631e+01 -1.751e+01 -1.145e+01 -2.806e+00
+8.870 +7.870 11.750  2.877 0.250 0.000 1.000   nan -1.496e-01 -5.591e-01 -2.517e+00 -4.421e+00 -1.180e+01 -2.957e+00 -5.395e+00 -1.509e+01 -2.017e+00 -5.305e+00 -4.662e+00 -1.631e+01 -1.751e+01 -1.143e+01 -2.806e+00
+8.897 +7.897 11.777  2.877 0.250 0.000 1.000 -2.321e+01 -1.496e-01 -5.591e-01 -2.517e+00 -4.420e+00 -1.180e+01 -2.957e+00 -5.397e+00 -1.509e+01 -2.017e+00 -5.305e+00 -4.662e+00 -1.631e+01 -1.751e+01 -1.140e+01 -2.806e+00
+8.925 +7.925 11.805  2.876 0.250 0.000 1.000   nan -1.496e-01 -5.591e-01 -2.517e+00 -4.419e+00 -1.180e+01 -2.957e+00 -5.400e+00 -1.509e+01 -2.017e+00 -5.305e+00 -4.662e+00 -1.631e+01 -1.751e+01 -1.137e+01 -2.806e+00
+8.952 +7.952 11.832  2.876 0.250 0.000 1.000 -2.321e+01 -1.496e-01 -5.591e-01 -2.517e+00 -4.418e+00 -1.180e+01 -2.957e+00 -5.403e+00 -1.509e+01 -2.017e+00 -5.305e+00 -4.662e+00 -1.631e+01 -1.751e+01 -1.134e+01 -2.806e+00
+8.980 +7.980 11.859  2.875 0.250 0.000 1.000   nan -1.496e-01 -5.591e-01 -2.517e+00 -4.417e+00 -1.180e+01 -2.957e+00 -5.405e+00 -1.509e+01 -2.017e+00 -5.305e+00 -4.662e+00 -1.631e+01 -1.751e+01 -1.132e+01 -2.806e+00
+9.007 +8.007 11.886  2.875 0.250 0.000 1.000 -2.321e+01 -1.496e-01 -5.591e-01 -2.517e+00 -4.415e+00 -1.180e+01 -2.957e+00 -5.408e+00 -1.509e+01 -2.017e+00 -5.305e+00 -4.662e+00 -1.631e+01 -1.751e+01 -1.129e+01 -2.806e+00
+9.035 +8.035 11.914  2.874 0.250 0.000 1.000   nan -1.496e-01 -5.591e-01 -2.517e+00 -4.414e+00 -1.180e+01 -2.957e+00 -5.412e+00 -1.509e+01 -2.017e+00 -5.305e+00 -4.662e+00 -1.631e+01 -1.751e+01 -1.126e+01 -2.806e+00
+9.062 +8.062 11.941  2.874 0.250 0.000 1.000 -2.321e+01 -1.496e-01 -5.591e-01 -2.517e+00 -4.413e+00 -1.180e+01 -2.957e+00 -5.415e+00 -1.509e+01 -2.017e+00 -5.305e+00 -4.662e+00 -1.631e+01 -1.751e+01 -1.123e+01 -2.806e+00
+9.090 +8.090 11.968  2.873 0.250 0.000 1.000   nan -1.496e-01 -5.591e-01 -2.517e+00 -4.411e+00 -1.180e+01 -2.957e+00 -5.419e+00 -1.509e+01 -2.017e+00 -5.305e+00 -4.662e+00 -1.631e+01 -1.751e+01 -1.121e+01 -2.806e+00
+9.117 +8.117 11.995  2.873 0.250 0.000 1.000 -2.321e+01 -1.496e-01 -5.591e-01 -2.517e+00 -4.410e+00 -1.180e+01 -2.957e+00 -5.423e+00 -1.509e+01 -2.017e+00 -5.305e+00 -4.662e+00 -1.631e+01 -1.751e+01 -1.118e+01 -2.806e+00
+9.145 +8.145 12.022  2.872 0.250 0.000 1.000   nan -1.496e-01 -5.591e-01 -2.517e+00 -4.408e+00 -1.180e+01 -2.957e+00 -5.427e+00 -1.509e+01 -2.017e+00 -5.305e+00 -4.662e+00 -1.631e+01 -1.751e+01 -1.115e+01 -2.806e+00
+9.172 +8.172 12.049  2.871 0.250 0.000 1.000 -2.321e+01 -1.496e-01 -5.591e-01 -2.517e+00 -4.406e+00 -1.180e+01 -2.957e+00 -5.431e+00 -1.509e+01 -2.017e+00 -5.305e+00 -4.662e+00 -1.631e+01 -1.751e+01 -1.112e+01 -2.806e+00
+9.200 +8.200 12.077  2.871 0.250 0.000 1.000   nan -1.496e-01 -5.591e-01 -2.517e+00 -4.404e+00 -1.180e+01 -2.957e+00 -5.436e+00 -1.509e+01 -2.017e+00 -5.305e+00 -4.662e+00 -1.631e+01 -1.751e+01 -1.110e+01 -2.806e+00
+9.227 +8.227 12.104  2.870 0.250 0.000 1.000 -2.321e+01 -1.496e-01 -5.591e-01 -2.517e+00 -4.402e+00 -1.180e+01 -2.957e+00 -5.441e+00 -1.509e+01 -2.017e+00 -5.305e+00 -4.662e+00 -1.631e+01 -1.751e+01 -1.107e+01 -2.806e+00
+9.255 +8.255 12.131  2.869 0.250 0.000 1.000   nan -1.496e-01 -5.591e-01 -2.517e+00 -4.400e+00 -1.180e+01 -2.957e+00 -5.446e+00 -1.509e+01 -2.017e+00 -5.305e+00 -4.662e+00 -1.631e+01 -1.751e+01 -1.104e+01 -2.806e+00
+9.282 +8.282 12.158  2.868 0.250 0.000 1.000 -2.321e+01 -1.496e-01 -5.591e-01 -2.517e+00 -4.398e+00 -1.180e+01 -2.957e+00 -5.452e+00 -1.509e+01 -2.017e+00 -5.305e+00 -4.662e+00 -1.631e+01 -1.751e+01 -1.101e+01 -2.806e+00
+9.310 +8.310 12.185  2.867 0.250 0.000 1.000   nan -1.496e-01 -5.591e-01 -2.517e+00 -4.395e+00 -1.180e+01 -2.957e+00 -5.458e+00 -1.509e+01 -2.017e+00 -5.305e+00 -4.662e+00 -1.631e+01 -1.751e+01 -1.099e+01 -2.806e+00
+9.337 +8.337 12.212  2.866 0.250 0.000 1.000 -2.321e+01 -1.496e-01 -5.591e-01 -2.517e+00 -4.393e+00 -1.180e+01 -2.957e+00 -5.465e+00 -1.509e+01 -2.017e+00 -5.305e+00 -4.662e+00 -1.631e+01 -1.751e+01 -1.096e+01 -2.806e+00
+9.365 +8.365 12.239  2.865 0.250 0.000 1.000   nan -1.496e-01 -5.591e-01 -2.517e+00 -4.390e+00 -1.180e+01 -2.957e+00 -5.472e+00 -1.509e+01 -2.017e+00 -5.305e+00 -4.662e+00 -1.631e+01 -1.751e+01 -1.093e+01 -2.806e+00
+9.392 +8.392 12.266  2.864 0.250 0.000 1.000 -2.321e+01 -1.496e-01 -5.591e-01 -2.517e+00 -4.387e+00 -1.180e+01 -2.957e+00 -5.479e+00 -1.509e+01 -2.017e+00 -5.305e+00 -4.662e+00 -1.631e+01 -1.751e+01 -1.090e+01 -2.806e+00
+9.420 +8.420 12.293  2.863 0.250 0.000 1.000   nan -1.496e-01 -5.591e-01 -2.517e+00 -4.384e+00 -1.180e+01 -2.957e+00 -5.487e+00 -1.509e+01 -2.017e+00 -5.305e+00 -4.662e+00 -1.631e+01 -1.751e+01 -1.088e+01 -2.806e+00
+9.447 +8.447 12.319  2.862 0.250 0.000 1.000 -2.321e+01 -1.496e-01 -5.591e-01 -2.518e+00 -4.381e+00 -1.180e+01 -2.957e+00 -5.495e+00 -1.509e+01 -2.017e+00 -5.305e+00 -4.662e+00 -1.631e+01 -1.751e+01 -1.085e+01 -2.806e+00
+9.475 +8.475 12.346  2.861 0.250 0.000 1.000   nan -1.496e-01 -5.591e-01 -2.518e+00 -4.378e+00 -1.180e+01 -2.957e+00 -5.504e+00 -1.509e+01 -2.017e+00 -5.305e+00 -4.662e+00 -1.631e+01 -1.751e+01 -1.082e+01 -2.806e+00
+9.502 +8.502 12.373  2.860 0.250 0.000 1.000 -2.321e+01 -1.496e-01 -5.591e-01 -2.518e+00 -4.374e+00 -1.180e+01 -2.957e+00 -5.514e+00 -1.509e+01 -2.017e+00 -5.304e+00 -4.662e+00 -1.631e+01 -1.751e+01 -1.079e+01 -2.806e+00
+9.530 +8.530 12.400  2.858 0.250 0.000 1.000   nan -1.496e-01 -5.591e-01 -2.518e+00 -4.371e+00 -1.180e+01 -2.957e+00 -5.524e+00 -1.509e+01 -2.017e+00 -5.304e+00 -4.662e+00 -1.631e+01 -1.751e+01 -1.077e+01 -2.806e+00
+9.557 +8.557 12.427  2.857 0.250 0.000 1.000 -2.321e+01 -1.496e-01 -5.591e-01 -2.518e+00 -4.367e+00 -1.180e+01 -2.957e+00 -5.534e+00 -1.509e+01 -2.017e+00 -5.304e+00 -4.662e+00 -1.631e+01 -1.751e+01 -1.074e+01 -2.806e+00
+9.585 +8.585 12.453  2.856 0.250 0.000 1.000   nan -1.496e-01 -5.591e-01 -2.518e+00 -4.363e+00 -1.180e+01 -2.957e+00 -5.546e+00 -1.509e+01 -2.017e+00 -5.304e+00 -4.662e+00 -1.631e+01 -1.751e+01 -1.071e+01 -2.806e+00
+9.612 +8.612 12.480  2.854 0.250 0.000 1.000 -2.321e+01 -1.496e-01 -5.591e-01 -2.518e+00 -4.358e+00 -1.180e+01 -2.957e+00 -5.558e+00 -1.509e+01 -2.017e+00 -5.304e+00 -4.662e+00 -1.631e+01 -1.751e+01 -1.068e+01 -2.806e+00
+9.640 +8.640 12.506  2.853 0.250 0.000 1.000   nan -1.496e-01 -5.591e-01 -2.518e+00 -4.354e+00 -1.180e+01 -2.957e+00 -5.571e+00 -1.509e+01 -2.017e+00 -5.304e+00 -4.662e+00 -1.631e+01 -1.751e+01 -1.066e+01 -2.806e+00
+9.667 +8.667 12.533  2.851 0.250 0.000 1.000 -2.321e+01 -1.496e-01 -5.591e-01 -2.518e+00 -4.349e+00 -1.180e+01 -2.957e+00 -5.585e+00 -1.509e+01 -2.017e+00 -5.304e+00 -4.662e+00 -1.631e+01 -1.751e+01 -1.063e+01 -2.806e+00
+9.695 +8.695 12.560  2.850 0.250 0.000 1.000   nan -1.496e-01 -5.591e-01 -2.518e+00 -4.344e+00 -1.180e+01 -2.957e+00 -5.600e+00 -1.509e+01 -2.017e+00 -5.304e+00 -4.662e+00 -1.631e+01 -1.751e+01 -1.060e+01 -2.806e+00
+9.722 +8.722 12.586  2.848 0.250 0.000 1.000 -2.321e+01 -1.496e-01 -5.591e-01 -2.518e+00 -4.338e+00 -1.180e+01 -2.957e+00 -5.615e+00 -1.509e+01 -2.017e+00 -5.304e+00 -4.662e+00 -1.631e+01 -1.751e+01 -1.057e+01 -2.806e+00
+9.750 +8.750 12.613  2.846 0.250 0.000 1.000   nan -1.496e-01 -5.591e-01 -2.518e+00 -4.332e+00 -1.180e+01 -2.957e+00 -5.632e+00 -1.509e+01 -2.017e+00 -5.304e+00 -4.662e+00 -1.631e+01 -1.751e+01 -1.055e+01 -2.806e+00
+9.777 +8.777 12.639  2.844 0.250 0.000 1.000 -2.321e+01 -1.496e-01 -5.591e-01 -2.518e+00 -4.327e+00 -1.180e+01 -2.957e+00 -5.650e+00 -1.509e+01 -2.017e+00 -5.304e+00 -4.662e+00 -1.631e+01 -1.751e+01 -1.052e+01 -2.806e+00
+9.805 +8.805 12.665  2.843 0.250 0.000 1.000   nan -1.496e-01 -5.591e-01 -2.518e+00 -4.320e+00 -1.180e+01 -2.957e+00 -5.669e+00 -1.509e+01 -2.017e+00 -5.304e+00 -4.662e+00 -1.631e+01 -1.751e+01 -1.049e+01 -2.806e+00
+9.832 +8.832 12.692  2.841 0.250 0.000 1.000 -2.321e+01 -1.496e-01 -5.591e-01 -2.518e+00 -4.314e+00 -1.180e+01 -2.957e+00 -5.689e+00 -1.509e+01 -2.017e+00 -5.304e+00 -4.662e+00 -1.631e+01 -1.751e+01 -1.046e+01 -2.806e+00
+9.860 +8.860 12.718  2.839 0.250 0.000 1.000   nan -1.496e-01 -5.591e-01 -2.518e+00 -4.307e+00 -1.180e+01 -2.957e+00 -5.711e+00 -1.509e+01 -2.017e+00 -5.304e+00 -4.662e+00 -1.631e+01 -1.751e+01 -1.044e+01 -2.806e+00
+9.887 +8.887 12.744  2.837 0.250 0.000 1.000 -2.321e+01 -1.496e-01 -5.591e-01 -2.519e+00 -4.300e+00 -1.180e+01 -2.957e+00 -5.733e+00 -1.509e+01 -2.017e+00 -5.304e+00 -4.663e+00 -1.631e+01 -1.751e+01 -1.041e+01 -2.806e+00
+9.915 +8.915 12.770  2.836 0.250 0.000 1.000   nan -1.496e-01 -5.591e-01 -2.519e+00 -4.292e+00 -1.180e+01 -2.957e+00 -5.758e+00 -1.509e+01 -2.017e+00 -5.304e+00 -4.663e+00 -1.631e+01 -1.751e+01 -1.038e+01 -2.806e+00
+9.942 +8.942 12.797  2.834 0.250 0.000 1.000 -2.321e+01 -1.496e-01 -5.591e-01 -2.519e+00 -4.284e+00 -1.180e+01 -2.957e+00 -5.784e+00 -1.509e+01 -2.017e+00 -5.304e+00 -4.663e+00 -1.631e+01 -1.751e+01 -1.035e+01 -2.806e+00
+9.970 +8.970 12.823  2.832 0.250 0.000 1.000   nan -1.496e-01 -5.591e-01 -2.519e+00 -4.276e+00 -1.180e+01 -2.957e+00 -5.811e+00 -1.509e+01 -2.017e+00 -5.304e+00 -4.663e+00 -1.631e+01 -1.751e+01 -1.033e+01 -2.806e+00
+9.997 +8.997 12.849  2.830 0.250 0.000 1.000 -2.321e+01 -1.496e-01 -5.591e-01 -2.519e+00 -4.268e+00 -1.180e+01 -2.957e+00 -5.841e+00 -1.509e+01 -2.017e+00 -5.304e+00 -4.663e+00 -1.631e+01 -1.751e+01 -1.030e+01 -2.806e+00
+10.025 +9.025 12.875  2.829 0.250 0.000 1.000   nan -1.496e-01 -5.591e-01 -2.519e+00 -4.259e+00 -1.180e+01 -2.957e+00 -5.872e+00 -1.509e+01 -2.017e+00 -5.304e+00 -4.663e+00 -1.631e+01 -1.751e+01 -1.027e+01 -2.806e+00
+10.052 +9.052 12.901  2.827 0.250 0.000 1.000 -2.321e+01 -1.496e-01 -5.591e-01 -2.519e+00 -4.249e+00 -1.180e+01 -2.957e+00 -5.905e+00 -1.509e+01 -2.017e+00 -5.304e+00 -4.663e+00 -1.631e+01 -1.751e+01 -1.024e+01 -2.806e+00
+10.080 +9.080 12.927  2.825 0.250 0.000 1.000   nan -1.496e-01 -5.591e-01 -2.520e+00 -4.240e+00 -1.180e+01 -2.957e+00 -5.940e+00 -1.509e+01 -2.017e+00 -5.304e+00 -4.663e+00 -1.631e+01 -1.751e+01 -1.022e+01 -2.806e+00
+10.107 +9.107 12.953  2.824 0.250 0.000 1.000 -2.321e+01 -1.496e-01 -5.591e-01 -2.520e+00 -4.230e+00 -1.180e+01 -2.957e+00 -5.977e+00 -1.509e+01 -2.017e+00 -5.304e+00 -4.663e+00 -1.631e+01 -1.751e+01 -1.019e+01 -2.806e+00
+10.135 +9.135 12.979  2.822 0.250 0.000 1.000   nan -1.496e-01 -5.591e-01 -2.520e+00 -4.219e+00 -1.180e+01 -2.957e+00 -6.017e+00 -1.509e+01 -2.017e+00 -5.304e+00 -4.663e+00 -1.631e+01 -1.751e+01 -1.016e+01 -2.806e+00
+10.162 +9.162 13.006  2.821 0.250 0.000 1.000 -2.321e+01 -1.496e-01 -5.591e-01 -2.520e+00 -4.208e+00 -1.180e+01 -2.956e+00 -6.059e+00 -1.509e+01 -2.017e+00 -5.304e+00 -4.663e+00 -1.631e+01 -1.751e+01 -1.013e+01 -2.806e+00
+10.190 +9.190 13.032  2.820 0.250 0.000 1.000   nan -1.496e-01 -5.591e-01 -2.520e+00 -4.197e+00 -1.180e+01 -2.956e+00 -6.103e+00 -1.509e+01 -2.017e+00 -5.304e+00 -4.663e+00 -1.631e+01 -1.751e+01 -1.011e+01 -2.806e+00
+10.217 +9.217 13.058  2.819 0.250 0.000 1.000 -2.321e+01 -1.496e-01 -5.591e-01 -2.521e+00 -4.186e+00 -1.180e+01 -2.956e+00 -6.150e+00 -1.509e+01 -2.017e+00 -5.304e+00 -4.663e+00 -1.631e+01 -1.751e+01 -1.008e+01 -2.806e+00
+10.245 +9.245 13.084  2.818 0.250 0.000 1.000   nan -1.496e-01 -5.591e-01 -2.521e+00 -4.174e+00 -1.180e+01 -2.956e+00 -6.200e+00 -1.509e+01 -2.017e+00 -5.304e+00 -4.663e+00 -1.631e+01 -1.751e+01 -1.005e+01 -2.806e+00
+10.272 +9.272 13.110  2.817 0.250 0.000 1.000 -2.321e+01 -1.496e-01 -5.591e-01 -2.521e+00 -4.161e+00 -1.180e+01 -2.956e+00 -6.252e+00 -1.509e+01 -2.017e+00 -5.304e+00 -4.663e+00 -1.631e+01 -1.751e+01 -1.002e+01 -2.806e+00
+10.300 +9.300 13.136  2.817 0.250 0.000 1.000   nan -1.496e-01 -5.591e-01 -2.521e+00 -4.148e+00 -1.180e+01 -2.956e+00 -6.307e+00 -1.509e+01 -2.017e+00 -5.304e+00 -4.663e+00 -1.631e+01 -1.751e+01 -9.996e+00 -2.806e+00
+10.327 +9.327 13.163  2.816 0.250 0.000 1.000 -2.321e+01 -1.496e-01 -5.591e-01 -2.522e+00 -4.135e+00 -1.180e+01 -2.956e+00 -6.364e+00 -1.509e+01 -2.017e+00 -5.304e+00 -4.663e+00 -1.631e+01 -1.751e+01 -9.968e+00 -2.806e+00
+10.355 +9.355 13.189  2.816 0.250 0.000 1.000   nan -1.496e-01 -5.591e-01 -2.522e+00 -4.122e+00 -1.181e+01 -2.956e+00 -6.424e+00 -1.509e+01 -2.017e+00 -5.304e+00 -4.663e+00 -1.631e+01 -1.751e+01 -9.941e+00 -2.806e+00
+10.382 +9.382 13.216  2.816 0.250 0.000 1.000 -2.321e+01 -1.496e-01 -5.591e-01 -2.522e+00 -4.108e+00 -1.181e+01 -2.956e+00 -6.486e+00 -1.509e+01 -2.017e+00 -5.304e+00 -4.664e+00 -1.631e+01 -1.751e+01 -9.913e+00 -2.806e+00
+10.410 +9.410 13.242  2.817 0.250 0.000 1.000   nan -1.496e-01 -5.591e-01 -2.523e+00 -4.093e+00 -1.181e+01 -2.956e+00 -6.550e+00 -1.509e+01 -2.017e+00 -5.303e+00 -4.664e+00 -1.631e+01 -1.751e+01 -9.886e+00 -2.806e+00
+10.437 +9.437 13.269  2.817 0.250 0.000 1.000 -2.321e+01 -1.496e-01 -5.591e-01 -2.523e+00 -4.078e+00 -1.181e+01 -2.956e+00 -6.616e+00 -1.509e+01 -2.017e+00 -5.303e+00 -4.664e+00 -1.631e+01 -1.751e+01 -9.859e+00 -2.806e+00
+10.465 +9.465 13.295  2.818 0.250 0.000 1.000   nan -1.496e-01 -5.591e-01 -2.524e+00 -4.063e+00 -1.181e+01 -2.956e+00 -6.682e+00 -1.509e+01 -2.017e+00 -5.303e+00 -4.664e+00 -1.631e+01 -1.751e+01 -9.831e+00 -2.806e+00
+10.492 +9.492 13.322  2.819 0.250 0.000 1.000 -2.321e+01 -1.496e-01 -5.591e-01 -2.524e+00 -4.048e+00 -1.181e+01 -2.955e+00 -6.748e+00 -1.509e+01 -2.017e+00 -5.303e+00 -4.664e+00 -1.631e+01 -1.751e+01 -9.804e+00 -2.806e+00
+10.520 +9.520 13.349  2.820 0.250 0.000 1.000   nan -1.496e-01 -5.591e-01 -2.524e+00 -4.032e+00 -1.181e+01 -2.955e+00 -6.813e+00 -1.509e+01 -2.017e+00 -5.303e+00 -4.664e+00 -1.631e+01 -1.751e+01 -9.776e+00 -2.806e+00
+10.547 +9.547 13.376  2.821 0.250 0.000 1.000 -2.321e+01 -1.496e-01 -5.591e-01 -2.525e+00 -4.016e+00 -1.181e+01 -2.955e+00 -6.875e+00 -1.509e+01 -2.017e+00 -5.303e+00 -4.664e+00 -1.631e+01 -1.751e+01 -9.749e+00 -2.806e+00
+10.575 +9.575 13.403  2.823 0.250 0.000 1.000   nan -1.496e-01 -5.591e-01 -2.526e+00 -3.999e+00 -1.181e+01 -2.955e+00 -6.933e+00 -1.509e+01 -2.017e+00 -5.303e+00 -4.664e+00 -1.631e+01 -1.751e+01 -9.721e+00 -2.806e+00
+10.602 +9.602 13.431  2.825 0.250 0.000 1.000 -2.322e+01 -1.496e-01 -5.591e-01 -2.526e+00 -3.983e+00 -1.181e+01 -2.955e+00 -6.986e+00 -1.509e+01 -2.017e+00 -5.303e+00 -4.665e+00 -1.631e+01 -1.751e+01 -9.694e+00 -2.806e+00
+10.630 +9.630 13.458  2.827 0.250 0.000 1.000   nan -1.496e-01 -5.591e-01 -2.527e+00 -3.966e+00 -1.181e+01 -2.955e+00 -7.033e+00 -1.509e+01 -2.017e+00 -5.303e+00 -4.665e+00 -1.631e+01 -1.751e+01 -9.667e+00 -2.806e+00
+10.657 +9.657 13.486  2.829 0.250 0.000 1.000 -2.322e+01 -1.496e-01 -5.591e-01 -2.527e+00 -3.948e+00 -1.181e+01 -2.954e+00 -7.072e+00 -1.509e+01 -2.017e+00 -5.303e+00 -4.665e+00 -1.631e+01 -1.751e+01 -9.639e+00 -2.806e+00
+10.685 +9.685 13.513  2.831 0.250 0.000 1.000   nan -1.496e-01 -5.591e-01 -2.528e+00 -3.930e+00 -1.181e+01 -2.954e+00 -7.105e+00 -1.509e+01 -2.017e+00 -5.302e+00 -4.665e+00 -1.631e+01 -1.751e+01 -9.612e+00 -2.806e+00
+10.712 +9.712 13.541  2.834 0.250 0.000 1.000 -2.322e+01 -1.496e-01 -5.591e-01 -2.529e+00 -3.913e+00 -1.181e+01 -2.954e+00 -7.130e+00 -1.508e+01 -2.017e+00 -5.302e+00 -4.665e+00 -1.631e+01 -1.751e+01 -9.584e+00 -2.806e+00
+10.740 +9.740 13.569  2.836 0.250 0.000 1.000   nan -1.496e-01 -5.591e-01 -2.530e+00 -3.894e+00 -1.181e+01 -2.953e+00 -7.149e+00 -1.508e+01 -2.017e+00 -5.302e+00 -4.666e+00 -1.631e+01 -1.751e+01 -9.557e+00 -2.806e+00
+10.767 +9.767 13.597  2.839 0.250 0.000 1.000 -2.322e+01 -1.496e-01 -5.591e-01 -2.531e+00 -3.876e+00 -1.181e+01 -2.953e+00 -7.162e+00 -1.508e+01 -2.017e+00 -5.302e+00 -4.666e+00 -1.631e+01 -1.751e+01 -9.530e+00 -2.806e+00
+10.795 +9.795 13.625  2.842 0.250 0.000 1.000   nan -1.496e-01 -5.591e-01 -2.532e+00 -3.857e+00 -1.181e+01 -2.953e+00 -7.171e+00 -1.508e+01 -2.017e+00 -5.302e+00 -4.666e+00 -1.631e+01 -1.750e+01 -9.502e+00 -2.806e+00
+10.822 +9.822 13.654  2.845 0.250 0.000 1.000 -2.322e+01 -1.496e-01 -5.591e-01 -2.533e+00 -3.838e+00 -1.182e+01 -2.952e+00 -7.177e+00 -1.508e+01 -2.017e+00 -5.302e+00 -4.666e+00 -1.631e+01 -1.750e+01 -9.475e+00 -2.806e+00
+10.850 +9.850 13.683  2.849 0.250 0.000 1.000   nan -1.496e-01 -5.591e-01 -2.534e+00 -3.820e+00 -1.182e+01 -2.952e+00 -7.181e+00 -1.508e+01 -2.017e+00 -5.301e+00 -4.667e+00 -1.631e+01 -1.750e+01 -9.448e+00 -2.806e+00
+10.877 +9.877 13.711  2.852 0.250 0.000 1.000 -2.322e+01 -1.496e-01 -5.591e-01 -2.535e+00 -3.800e+00 -1.182e+01 -2.951e+00 -7.183e+00 -1.508e+01 -2.017e+00 -5.301e+00 -4.667e+00 -1.631e+01 -1.750e+01 -9.420e+00 -2.806e+00
+10.905 +9.905 13.740  2.856 0.250 0.000 1.000   nan -1.496e-01 -5.591e-01 -2.536e+00 -3.781e+00 -1.182e+01 -2.951e+00 -7.184e+00 -1.508e+01 -2.017e+00 -5.301e+00 -4.667e+00 -1.631e+01 -1.750e+01 -9.393e+00 -2.806e+00
+10.932 +9.932 13.769  2.860 0.250 0.000 1.000 -2.322e+01 -1.496e-01 -5.591e-01 -2.537e+00 -3.762e+00 -1.182e+01 -2.950e+00 -7.185e+00 -1.508e+01 -2.017e+00 -5.301e+00 -4.668e+00 -1.631e+01 -1.750e+01 -9.365e+00 -2.806e+00
+10.960 +9.960 13.798  2.864 0.250 0.000 1.000   nan -1.496e-01 -5.591e-01 -2.538e+00 -3.742e+00 -1.182e+01 -2.949e+00 -7.185e+00 -1.508e+01 -2.017e+00 -5.300e+00 -4.668e+00 -1.631e+01 -1.750e+01 -9.338e+00 -2.806e+00
+10.987 +9.987 13.828  2.868 0.250 0.000 1.000 -2.322e+01 -1.496e-01 -5.591e-01 -2.540e+00 -3.723e+00 -1.182e+01 -2.948e+00 -7.185e+00 -1.508e+01 -2.017e+00 -5.300e+00 -4.668e+00 -1.631e+01 -1.750e+01 -9.311e+00 -2.806e+00
+11.015 +10.015 13.857  2.872 0.250 0.000 1.000   nan -1.496e-01 -5.591e-01 -2.541e+00 -3.703e+00 -1.182e+01 -2.947e+00 -7.184e+00 -1.508e+01 -2.017e+00 -5.300e+00 -4.669e+00 -1.631e+01 -1.750e+01 -9.284e+00 -2.806e+00
+11.042 +10.042 13.887  2.876 0.250 0.000 1.000 -2.322e+01 -1.496e-01 -5.591e-01 -2.543e+00 -3.683e+00 -1.183e+01 -2.946e+00 -7.184e+00 -1.508e+01 -2.017e+00 -5.300e+00 -4.669e+00 -1.631e+01 -1.750e+01 -9.256e+00 -2.806e+00
+11.070 +10.070 13.917  2.881 0.250 0.000 1.000   nan -1.496e-01 -5.591e-01 -2.545e+00 -3.664e+00 -1.183e+01 -2.945e+00 -7.184e+00 -1.508e+01 -2.017e+00 -5.299e+00 -4.670e+00 -1.631e+01 -1.750e+01 -9.229e+00 -2.806e+00
+11.097 +10.097 13.947  2.885 0.250 0.000 1.000 -2.322e+01 -1.496e-01 -5.591e-01 -2.547e+00 -3.644e+00 -1.183e+01 -2.944e+00 -7.183e+00 -1.508e+01 -2.017e+00 -5.299e+00 -4.670e+00 -1.631e+01 -1.750e+01 -9.202e+00 -2.806e+00
+11.125 +10.125 13.977  2.890 0.250 0.000 1.000   nan -1.496e-01 -5.591e-01 -2.549e+00 -3.625e+00 -1.183e+01 -2.942e+00 -7.182e+00 -1.507e+01 -2.017e+00 -5.299e+00 -4.671e+00 -1.631e+01 -1.750e+01 -9.175e+00 -2.806e+00
+11.152 +10.152 14.007  2.895 0.250 0.000 1.000 -2.322e+01 -1.496e-01 -5.591e-01 -2.551e+00 -3.605e+00 -1.183e+01 -2.941e+00 -7.182e+00 -1.507e+01 -2.017e+00 -5.298e+00 -4.671e+00 -1.631e+01 -1.750e+01 -9.147e+00 -2.806e+00
+11.180 +10.180 14.037  2.900 0.250 0.000 1.000   nan -1.496e-01 -5.591e-01 -2.553e+00 -3.586e+00 -1.184e+01 -2.939e+00 -7.181e+00 -1.507e+01 -2.017e+00 -5.298e+00 -4.672e+00 -1.631e+01 -1.750e+01 -9.120e+00 -2.806e+00
+11.207 +10.207 14.068  2.905 0.250 0.000 1.000 -2.323e+01 -1.496e-01 -5.591e-01 -2.555e+00 -3.567e+00 -1.184e+01 -2.937e+00 -7.180e+00 -1.507e+01 -2.017e+00 -5.297e+00 -4.673e+00 -1.631e+01 -1.750e+01 -9.093e+00 -2.806e+00
+11.235 +10.235 14.099  2.910 0.250 0.000 1.000   nan -1.496e-01 -5.591e-01 -2.558e+00 -3.547e+00 -1.184e+01 -2.935e+00 -7.179e+00 -1.507e+01 -2.017e+00 -5.297e+00 -4.673e+00 -1.631e+01 -1.750e+01 -9.066e+00 -2.806e+00
+11.262 +10.262 14.130  2.916 0.250 0.000 1.000 -2.323e+01 -1.496e-01 -5.591e-01 -2.561e+00 -3.529e+00 -1.184e+01 -2.932e+00 -7.178e+00 -1.506e+01 -2.017e+00 -5.296e+00 -4.674e+00 -1.631e+01 -1.750e+01 -9.039e+00 -2.806e+00
+11.290 +10.290 14.161  2.921 0.250 0.000 1.000   nan -1.496e-01 -5.591e-01 -2.564e+00 -3.510e+00 -1.185e+01 -2.929e+00 -7.176e+00 -1.506e+01 -2.017e+00 -5.296e+00 -4.675e+00 -1.631e+01 -1.750e+01 -9.012e+00 -2.806e+00
+11.317 +10.317 14.192  2.927 0.250 0.000 1.000 -2.323e+01 -1.496e-01 -5.591e-01 -2.567e+00 -3.491e+00 -1.185e+01 -2.926e+00 -7.175e+00 -1.506e+01 -2.017e+00 -5.295e+00 -4.676e+00 -1.631e+01 -1.750e+01 -8.984e+00 -2.806e+00
+11.345 +10.345 14.223  2.932 0.250 0.000 1.000   nan -1.496e-01 -5.591e-01 -2.570e+00 -3.473e+00 -1.185e+01 -2.923e+00 -7.173e+00 -1.506e+01 -2.017e+00 -5.295e+00 -4.676e+00 -1.631e+01 -1.750e+01 -8.957e+00 -2.806e+00
+11.372 +10.372 14.254  2.938 0.250 0.000 1.000 -2.323e+01 -1.496e-01 -5.591e-01 -2.573e+00 -3.455e+00 -1.185e+01 -2.919e+00 -7.171e+00 -1.505e+01 -2.017e+00 -5.294e+00 -4.677e+00 -1.631e+01 -1.750e+01 -8.930e+00 -2.806e+00
+11.400 +10.400 14.286  2.943 0.250 0.000 1.000   nan -1.496e-01 -5.591e-01 -2.577e+00 -3.438e+00 -1.186e+01 -2.915e+00 -7.169e+00 -1.505e+01 -2.017e+00 -5.293e+00 -4.678e+00 -1.631e+01 -1.750e+01 -8.903e+00 -2.806e+00
+11.427 +10.427 14.318  2.949 0.250 0.000 1.000 -2.323e+01 -1.496e-01 -5.591e-01 -2.581e+00 -3.421e+00 -1.186e+01 -2.911e+00 -7.167e+00 -1.504e+01 -2.017e+00 -5.293e+00 -4.680e+00 -1.631e+01 -1.750e+01 -8.876e+00 -2.806e+00
+11.455 +10.455 14.349  2.954 0.250 0.000 1.000   nan -1.496e-01 -5.591e-01 -2.585e+00 -3.404e+00 -1.187e+01 -2.906e+00 -7.164e+00 -1.504e+01 -2.017e+00 -5.292e+00 -4.681e+00 -1.631e+01 -1.750e+01 -8.849e+00 -2.806e+00
+11.482 +10.482 14.381  2.959 0.312 0.000 1.000 -2.324e+01 -1.496e-01 -5.591e-01 -2.590e+00 -3.388e+00 -1.187e+01 -2.901e+00 -7.162e+00 -1.503e+01 -2.017e+00 -5.291e+00 -4.682e+00 -1.631e+01 -1.749e+01 -8.823e+00 -2.806e+00
+11.510 +10.510 14.413  2.965 0.312 0.000 1.000   nan -1.496e-01 -5.591e-01 -2.595e+00 -3.372e+00 -1.188e+01 -2.895e+00 -7.159e+00 -1.503e+01 -2.017e+00 -5.290e+00 -4.683e+00 -1.631e+01 -1.749e+01 -8.796e+00 -2.806e+00
+11.537 +10.537 14.445  2.970 0.312 0.000 1.000 -2.324e+01 -1.496e-01 -5.591e-01 -2.600e+00 -3.357e+00 -1.188e+01 -2.889e+00 -7.156e+00 -1.502e+01 -2.017e+00 -5.289e+00 -4.685e+00 -1.631e+01 -1.749e+01 -8.769e+00 -2.806e+00
+11.565 +10.565 14.477  2.975 0.312 0.000 1.000   nan -1.496e-01 -5.591e-01 -2.605e+00 -3.342e+00 -1.189e+01 -2.882e+00 -7.152e+00 -1.502e+01 -2.017e+00 -5.288e+00 -4.686e+00 -1.631e+01 -1.749e+01 -8.742e+00 -2.806e+00
+11.592 +10.592 14.509  2.979 0.312 0.000 1.000 -2.324e+01 -1.496e-01 -5.591e-01 -2.611e+00 -3.328e+00 -1.189e+01 -2.874e+00 -7.148e+00 -1.501e+01 -2.017e+00 -5.287e+00 -4.688e+00 -1.631e+01 -1.749e+01 -8.715e+00 -2.806e+00
+11.620 +10.620 14.541  2.984 0.312 0.000 1.000   nan -1.496e-01 -5.591e-01 -2.617e+00 -3.315e+00 -1.190e+01 -2.866e+00 -7.143e+00 -1.500e+01 -2.017e+00 -5.286e+00 -4.689e+00 -1.631e+01 -1.749e+01 -8.689e+00 -2.806e+00
+11.647 +10.647 14.573  2.988 0.312 0.000 1.000 -2.325e+01 -1.497e-01 -5.591e-01 -2.624e+00 -3.302e+00 -1.190e+01 -2.858e+00 -7.139e+00 -1.499e+01 -2.017e+00 -5.285e+00 -4.691e+00 -1.631e+01 -1.749e+01 -8.662e+00 -2.806e+00
+11.675 +10.675 14.604  2.991 0.312 0.000 1.000   nan -1.497e-01 -5.591e-01 -2.631e+00 -3.290e+00 -1.191e+01 -2.848e+00 -7.133e+00 -1.498e+01 -2.017e+00 -5.284e+00 -4.693e+00 -1.631e+01 -1.749e+01 -8.635e+00 -2.806e+00
+11.702 +10.702 14.636  2.995 0.312 0.000 1.000 -2.325e+01 -1.497e-01 -5.591e-01 -2.638e+00 -3.279e+00 -1.192e+01 -2.838e+00 -7.127e+00 -1.497e+01 -2.017e+00 -5.282e+00 -4.695e+00 -1.631e+01 -1.749e+01 -8.609e+00 -2.806e+00
+11.730 +10.730 14.668  2.998 0.312 0.000 1.000   nan -1.497e-01 -5.591e-01 -2.646e+00 -3.269e+00 -1.193e+01 -2.828e+00 -7.121e+00 -1.496e+01 -2.017e+00 -5.281e+00 -4.697e+00 -1.631e+01 -1.748e+01 -8.583e+00 -2.806e+00
+11.757 +10.757 14.700  3.000 0.312 0.000 1.000 -2.325e+01 -1.497e-01 -5.591e-01 -2.655e+00 -3.260e+00 -1.193e+01 -2.817e+00 -7.114e+00 -1.495e+01 -2.017e+00 -5.279e+00 -4.699e+00 -1.631e+01 -1.748e+01 -8.556e+00 -2.806e+00
+11.785 +10.785 14.731  3.002 0.312 0.000 1.000   nan -1.497e-01 -5.591e-01 -2.664e+00 -3.251e+00 -1.194e+01 -2.805e+00 -7.107e+00 -1.494e+01 -2.017e+00 -5.278e+00 -4.702e+00 -1.631e+01 -1.748e+01 -8.530e+00 -2.806e+00
+11.812 +10.812 14.762  3.003 0.312 0.000 1.000 -2.326e+01 -1.497e-01 -5.591e-01 -2.673e+00 -3.244e+00 -1.195e+01 -2.792e+00 -7.099e+00 -1.493e+01 -2.017e+00 -5.276e+00 -4.705e+00 -1.631e+01 -1.748e+01 -8.504e+00 -2.806e+00
+11.840 +10.840 14.793  3.003 0.312 0.000 1.000   nan -1.497e-01 -5.591e-01 -2.684e+00 -3.238e+00 -1.196e+01 -2.779e+00 -7.090e+00 -1.492e+01 -2.017e+00 -5.274e+00 -4.707e+00 -1.631e+01 -1.748e+01 -8.477e+00 -2.806e+00
+11.867 +10.867 14.824  3.002 0.312 0.000 1.000 -2.326e+01 -1.497e-01 -5.591e-01 -2.695e+00 -3.233e+00 -1.197e+01 -2.765e+00 -7.081e+00 -1.490e+01 -2.017e+00 -5.272e+00 -4.710e+00 -1.631e+01 -1.748e+01 -8.451e+00 -2.806e+00
+11.895 +10.895 14.854  3.001 0.312 0.000 1.000   nan -1.497e-01 -5.591e-01 -2.706e+00 -3.229e+00 -1.198e+01 -2.750e+00 -7.072e+00 -1.489e+01 -2.017e+00 -5.270e+00 -4.713e+00 -1.631e+01 -1.747e+01 -8.425e+00 -2.806e+00
+11.922 +10.922 14.884  2.999 0.312 0.000 1.000 -2.327e+01 -1.497e-01 -5.591e-01 -2.719e+00 -3.227e+00 -1.200e+01 -2.735e+00 -7.062e+00 -1.487e+01 -2.017e+00 -5.268e+00 -4.717e+00 -1.631e+01 -1.747e+01 -8.400e+00 -2.806e+00
+11.950 +10.950 14.914  2.996 0.312 0.000 1.000   nan -1.497e-01 -5.591e-01 -2.732e+00 -3.226e+00 -1.201e+01 -2.720e+00 -7.051e+00 -1.486e+01 -2.017e+00 -5.266e+00 -4.720e+00 -1.631e+01 -1.747e+01 -8.374e+00 -2.806e+00
+11.977 +10.460 14.943  2.989 0.250 0.000 1.000   nan -1.497e-01 -5.591e-01 -2.746e+00 -3.227e+00 -1.203e+01 -2.704e+00 -7.031e+00 -1.484e+01 -2.017e+00 -5.263e+00 -4.724e+00 -1.631e+01 -1.747e+01 -8.348e+00 -2.806e+00
+12.005 +10.822 14.972  2.984 0.312 0.000 1.000   nan -1.497e-01 -5.591e-01 -2.761e+00 -3.230e+00 -1.204e+01 -2.688e+00 -7.022e+00 -1.482e+01 -2.017e+00 -5.261e+00 -4.728e+00 -1.631e+01 -1.746e+01 -8.323e+00 -2.806e+00
+12.032 +11.032 15.000  2.979 0.312 0.000 1.000 -2.328e+01 -1.497e-01 -5.591e-01 -2.777e+00 -3.234e+00 -1.205e+01 -2.671e+00 -7.016e+00 -1.481e+01 -2.017e+00 -5.258e+00 -4.733e+00 -1.631e+01 -1.746e+01 -8.297e+00 -2.806e+00
+12.060 +10.481 15.028  2.966 0.312 0.000 1.000 -2.328e+01 -1.497e-01 -5.591e-01 -2.794e+00 -3.239e+00 -1.208e+01 -2.654e+00 -6.997e+00 -1.479e+01 -2.017e+00 -5.255e+00 -4.737e+00 -1.631e+01 -1.746e+01 -8.272e+00 -2.806e+00
+12.087 +10.889 15.055  2.959 0.312 0.000 1.000 -2.329e+01 -1.497e-01 -5.591e-01 -2.812e+00 -3.247e+00 -1.209e+01 -2.637e+00 -6.986e+00 -1.477e+01 -2.017e+00 -5.252e+00 -4.742e+00 -1.631e+01 -1.746e+01 -8.247e+00 -2.806e+00
+12.115 +9.699 15.081  2.942 0.250 0.000 1.000 -2.329e+01 -1.497e-01 -5.591e-01 -2.832e+00 -3.256e+00 -1.211e+01 -2.620e+00 -6.976e+00 -1.475e+01 -2.017e+00 -5.249e+00 -4.747e+00 -1.631e+01 -1.745e+01 -8.222e+00 -2.806e+00
+12.142 +10.306 15.107  2.929 0.250 0.000 1.000   nan -1.498e-01 -5.591e-01 -2.852e+00 -3.268e+00 -1.213e+01 -2.603e+00 -6.955e+00 -1.474e+01 -2.017e+00 -5.246e+00 -4.753e+00 -1.631e+01 -1.745e+01 -8.197e+00 -2.806e+00
+12.170 +10.780 15.132  2.916 0.312 0.000 1.000 -2.330e+01 -1.498e-01 -5.591e-01 -2.874e+00 -3.282e+00 -1.215e+01 -2.586e+00 -6.944e+00 -1.472e+01 -2.017e+00 -5.242e+00 -4.759e+00 -1.631e+01 -1.745e+01 -8.173e+00 -2.806e+00
+12.197 +10.770 15.156  2.899 0.312 0.000 1.000 -2.330e+01 -1.498e-01 -5.591e-01 -2.897e+00 -3.297e+00 -1.218e+01 -2.570e+00 -6.932e+00 -1.470e+01 -2.017e+00 -5.238e+00 -4.765e+00 -1.631e+01 -1.744e+01 -8.148e+00 -2.806e+00
+12.225 +10.923 15.180  2.881 0.312 0.000 1.000 -2.330e+01 -1.498e-01 -5.591e-01 -2.922e+00 -3.315e+00 -1.220e+01 -2.553e+00 -6.919e+00 -1.469e+01 -2.017e+00 -5.234e+00 -4.772e+00 -1.631e+01 -1.744e+01 -8.124e+00 -2.806e+00
+12.252 +10.717 15.202  2.858 0.312 0.000 1.000 -2.331e+01 -1.498e-01 -5.591e-01 -2.948e+00 -3.334e+00 -1.223e+01 -2.537e+00 -6.905e+00 -1.467e+01 -2.017e+00 -5.230e+00 -4.779e+00 -1.631e+01 -1.743e+01 -8.100e+00 -2.806e+00
+12.280 +11.088 15.224  2.840 0.312 0.000 1.000 -2.331e+01 -1.498e-01 -5.591e-01 -2.976e+00 -3.357e+00 -1.225e+01 -2.521e+00 -6.895e+00 -1.466e+01 -2.017e+00 -5.225e+00 -4.787e+00 -1.631e+01 -1.743e+01 -8.076e+00 -2.806e+00
+12.307 +10.890 15.245  2.811 0.312 0.000 1.000 -2.331e+01 -1.498e-01 -5.591e-01 -3.006e+00 -3.381e+00 -1.228e+01 -2.505e+00 -6.880e+00 -1.464e+01 -2.017e+00 -5.221e+00 -4.795e+00 -1.631e+01 -1.742e+01 -8.052e+00 -2.806e+00
+12.335 +11.042 15.265  2.786 0.312 0.000 1.000 -2.332e+01 -1.498e-01 -5.591e-01 -3.038e+00 -3.408e+00 -1.231e+01 -2.490e+00 -6.869e+00 -1.462e+01 -2.017e+00 -5.216e+00 -4.804e+00 -1.631e+01 -1.742e+01 -8.029e+00 -2.806e+00
+12.362 +10.795 15.284  2.753 0.312 0.000 1.000 -2.332e+01 -1.498e-01 -5.591e-01 -3.071e+00 -3.438e+00 -1.235e+01 -2.476e+00 -6.856e+00 -1.461e+01 -2.017e+00 -5.211e+00 -4.813e+00 -1.631e+01 -1.741e+01 -8.006e+00 -2.806e+00
+12.390 +9.303 15.302  2.716 0.250 0.000 1.000   nan -1.498e-01 -5.591e-01 -3.107e+00 -3.471e+00 -1.239e+01 -2.462e+00 -6.847e+00 -1.459e+01 -2.017e+00 -5.205e+00 -4.823e+00 -1.631e+01 -1.741e+01 -7.983e+00 -2.806e+00
+12.417 +10.829 15.319  2.686 0.312 0.000 1.000 -2.333e+01 -1.498e-01 -5.591e-01 -3.145e+00 -3.507e+00 -1.242e+01 -2.449e+00 -6.833e+00 -1.458e+01 -2.017e+00 -5.199e+00 -4.833e+00 -1.631e+01 -1.740e+01 -7.960e+00 -2.806e+00
+12.445 +10.255 15.335  2.645 0.250 0.000 1.000   nan -1.498e-01 -5.591e-01 -3.186e+00 -3.545e+00 -1.247e+01 -2.436e+00 -6.822e+00 -1.457e+01 -2.017e+00 -5.193e+00 -4.845e+00 -1.631e+01 -1.740e+01 -7.938e+00 -2.806e+00
+12.472 +11.051 15.351  2.613 0.312 0.000 1.000   nan -1.499e-01 -5.591e-01 -3.228e+00 -3.586e+00 -1.251e+01 -2.424e+00 -6.814e+00 -1.456e+01 -2.017e+00 -5.187e+00 -4.857e+00 -1.631e+01 -1.739e+01 -7.916e+00 -2.806e+00
+12.500 +9.955 15.365  2.563 0.250 0.000 1.000 -2.334e+01 -1.499e-01 -5.591e-01 -3.274e+00 -3.630e+00 -1.256e+01 -2.413e+00 -6.804e+00 -1.454e+01 -2.017e+00 -5.180e+00 -4.869e+00 -1.631e+01 -1.738e+01 -7.895e+00 -2.806e+00
+12.527 +11.156 15.378  2.528 0.312 0.000 1.000   nan -1.499e-01 -5.591e-01 -3.322e+00 -3.678e+00 -1.260e+01 -2.403e+00 -6.796e+00 -1.454e+01 -2.017e+00 -5.173e+00 -4.883e+00 -1.631e+01 -1.738e+01 -7.873e+00 -2.806e+00
+12.555 +10.226 15.391  2.472 0.250 0.000 1.000 -2.334e+01 -1.499e-01 -5.591e-01 -3.373e+00 -3.727e+00 -1.266e+01 -2.394e+00 -6.787e+00 -1.452e+01 -2.017e+00 -5.166e+00 -4.897e+00 -1.631e+01 -1.737e+01 -7.853e+00 -2.806e+00
+12.582 +11.368 15.402  2.437 0.312 0.000 1.000 -2.335e+01 -1.499e-01 -5.591e-01 -3.426e+00 -3.782e+00 -1.270e+01 -2.385e+00 -6.783e+00 -1.452e+01 -2.017e+00 -5.158e+00 -4.913e+00 -1.631e+01 -1.736e+01 -7.832e+00 -2.806e+00
+12.610 +10.672 15.413  2.371 0.312 0.000 1.000   nan -1.499e-01 -5.591e-01 -3.483e+00 -3.838e+00 -1.276e+01 -2.377e+00 -6.774e+00 -1.451e+01 -2.017e+00 -5.150e+00 -4.929e+00 -1.631e+01 -1.735e+01 -7.812e+00 -2.806e+00
+12.637 +11.334 15.423  2.331 0.312 0.000 1.000 -2.335e+01 -1.499e-01 -5.590e-01 -3.542e+00 -3.899e+00 -1.281e+01 -2.369e+00 -6.770e+00 -1.450e+01 -2.017e+00 -5.142e+00 -4.947e+00 -1.631e+01 -1.735e+01 -7.792e+00 -2.806e+00
+12.665 +11.413 15.432  2.274 0.312 0.000 1.000 -2.335e+01 -1.499e-01 -5.590e-01 -3.605e+00 -3.961e+00 -1.287e+01 -2.363e+00 -6.765e+00 -1.450e+01 -2.017e+00 -5.133e+00 -4.965e+00 -1.631e+01 -1.734e+01 -7.773e+00 -2.806e+00
+12.692 +11.385 15.440  2.214 0.312 0.000 1.000 -2.336e+01 -1.499e-01 -5.590e-01 -3.671e+00 -4.027e+00 -1.294e+01 -2.357e+00 -6.761e+00 -1.449e+01 -2.017e+00 -5.124e+00 -4.985e+00 -1.631e+01 -1.733e+01 -7.754e+00 -2.806e+00
+12.720 +11.202 15.447  2.147 0.312 0.000 1.000 -2.336e+01 -1.499e-01 -5.590e-01 -3.740e+00 -4.097e+00 -1.301e+01 -2.352e+00 -6.756e+00 -1.448e+01 -2.017e+00 -5.114e+00 -5.006e+00 -1.631e+01 -1.732e+01 -7.736e+00 -2.806e+00
+12.747 +11.565 15.454  2.099 0.312 0.000 1.000 -2.336e+01 -1.499e-01 -5.590e-01 -3.810e+00 -4.171e+00 -1.307e+01 -2.347e+00 -6.754e+00 -1.448e+01 -2.017e+00 -5.104e+00 -5.029e+00 -1.631e+01 -1.731e+01 -7.718e+00 -2.806e+00
+12.775 +11.569 15.460  2.036 0.312 0.000 1.000 -2.336e+01 -1.499e-01 -5.590e-01 -3.883e+00 -4.247e+00 -1.315e+01 -2.343e+00 -6.751e+00 -1.448e+01 -2.017e+00 -5.094e+00 -5.053e+00 -1.631e+01 -1.730e+01 -7.701e+00 -2.806e+00
+12.802 +11.415 15.466  1.967 0.312 0.000 1.000 -2.336e+01 -1.499e-01 -5.590e-01 -3.956e+00 -4.325e+00 -1.323e+01 -2.340e+00 -6.749e+00 -1.447e+01 -2.017e+00 -5.083e+00 -5.079e+00 -1.631e+01 -1.729e+01 -7.685e+00 -2.806e+00
+12.830 +11.492 15.471  1.908 0.312 0.000 1.000 -2.336e+01 -1.499e-01 -5.590e-01 -4.030e+00 -4.406e+00 -1.330e+01 -2.337e+00 -6.747e+00 -1.447e+01 -2.017e+00 -5.072e+00 -5.106e+00 -1.631e+01 -1.728e+01 -7.668e+00 -2.806e+00
+12.857 +11.421 15.476  1.846 0.312 0.000 1.000 -2.336e+01 -1.499e-01 -5.590e-01 -4.103e+00 -4.487e+00 -1.338e+01 -2.334e+00 -6.746e+00 -1.447e+01 -2.017e+00 -5.060e+00 -5.135e+00 -1.631e+01 -1.727e+01 -7.653e+00 -2.806e+00
+12.885 +11.617 15.480  1.797 0.312 0.000 1.000 -2.336e+01 -1.499e-01 -5.590e-01 -4.174e+00 -4.568e+00 -1.344e+01 -2.332e+00 -6.745e+00 -1.446e+01 -2.017e+00 -5.048e+00 -5.166e+00 -1.631e+01 -1.725e+01 -7.638e+00 -2.806e+00
+12.912 +11.182 15.485  1.738 0.312 0.000 1.000 -2.336e+01 -1.499e-01 -5.590e-01 -4.241e+00 -4.644e+00 -1.352e+01 -2.331e+00 -6.745e+00 -1.446e+01 -2.017e+00 -5.036e+00 -5.199e+00 -1.631e+01 -1.724e+01 -7.624e+00 -2.806e+00
+12.940 +11.197 15.489  1.693 0.312 0.000 1.000   nan -1.499e-01 -5.590e-01 -4.301e+00 -4.721e+00 -1.358e+01 -2.330e+00 -6.745e+00 -1.446e+01 -2.017e+00 -5.023e+00 -5.235e+00 -1.631e+01 -1.723e+01 -7.611e+00 -2.806e+00
+12.967 +11.289 15.492  1.656 0.312 0.000 1.000 -2.337e+01 -1.499e-01 -5.590e-01 -4.355e+00 -4.789e+00 -1.363e+01 -2.329e+00 -6.745e+00 -1.446e+01 -2.017e+00 -5.009e+00 -5.272e+00 -1.631e+01 -1.721e+01 -7.598e+00 -2.806e+00
+12.995 +10.669 15.496  1.622 0.312 0.000 1.000   nan -1.499e-01 -5.590e-01 -4.401e+00 -4.848e+00 -1.368e+01 -2.328e+00 -6.746e+00 -1.446e+01 -2.017e+00 -4.996e+00 -5.312e+00 -1.631e+01 -1.720e+01 -7.586e+00 -2.806e+00
+13.022 +11.805 15.500  1.605 0.312 0.000 1.000   nan -1.499e-01 -5.590e-01 -4.438e+00 -4.899e+00 -1.371e+01 -2.327e+00 -6.746e+00 -1.446e+01 -2.017e+00 -4.981e+00 -5.355e+00 -1.631e+01 -1.719e+01 -7.574e+00 -2.806e+00
+13.050 +10.999 15.503  1.582 0.312 0.000 1.000   nan -1.499e-01 -5.590e-01 -4.469e+00 -4.932e+00 -1.375e+01 -2.327e+00 -6.747e+00 -1.446e+01 -2.017e+00 -4.967e+00 -5.401e+00 -1.631e+01 -1.717e+01 -7.564e+00 -2.806e+00
+13.077 +10.846 15.507  1.566 0.312 0.000 1.000   nan -1.500e-01 -5.590e-01 -4.491e+00 -4.970e+00 -1.377e+01 -2.327e+00 -6.748e+00 -1.446e+01 -2.017e+00 -4.952e+00 -5.449e+00 -1.631e+01 -1.716e+01 -7.554e+00 -2.806e+00
+13.105 +11.763 15.511  1.558 0.312 0.000 1.000   nan -1.500e-01 -5.590e-01 -4.507e+00 -4.995e+00 -1.379e+01 -2.326e+00 -6.749e+00 -1.446e+01 -2.017e+00 -4.936e+00 -5.501e+00 -1.631e+01 -1.714e+01 -7.544e+00 -2.806e+00
+13.132 +11.703 15.515  1.550 0.312 0.000 1.000   nan -1.500e-01 -5.590e-01 -4.519e+00 -5.010e+00 -1.380e+01 -2.326e+00 -6.750e+00 -1.446e+01 -2.017e+00 -4.920e+00 -5.556e+00 -1.631e+01 -1.713e+01 -7.536e+00 -2.806e+00
+13.160 +11.883 15.519  1.545 0.312 0.000 1.000   nan -1.500e-01 -5.590e-01 -4.526e+00 -5.022e+00 -1.381e+01 -2.326e+00 -6.750e+00 -1.446e+01 -2.017e+00 -4.904e+00 -5.615e+00 -1.631e+01 -1.711e+01 -7.528e+00 -2.806e+00
+13.187 +11.559 15.523  1.541 0.312 0.000 1.000   nan -1.500e-01 -5.590e-01 -4.532e+00 -5.029e+00 -1.382e+01 -2.326e+00 -6.751e+00 -1.446e+01 -2.017e+00 -4.887e+00 -5.678e+00 -1.631e+01 -1.709e+01 -7.521e+00 -2.806e+00
+13.215 +12.110 15.528  1.539 0.312 0.000 1.000   nan -1.500e-01 -5.589e-01 -4.535e+00 -5.035e+00 -1.382e+01 -2.326e+00 -6.752e+00 -1.446e+01 -2.017e+00 -4.870e+00 -5.745e+00 -1.631e+01 -1.708e+01 -7.515e+00 -2.806e+00
+13.242 +12.242 15.533  1.538 0.375 0.000 1.000 -2.337e+01 -1.500e-01 -5.589e-01 -4.538e+00 -5.037e+00 -1.382e+01 -2.326e+00 -6.752e+00 -1.446e+01 -2.017e+00 -4.852e+00 -5.818e+00 -1.631e+01 -1.706e+01 -7.509e+00 -2.806e+00
+13.270 +12.270 15.538  1.537 0.438 0.000 1.000 -2.400e+01 -1.500e-01 -5.589e-01 -4.539e+00 -5.039e+00 -1.382e+01 -2.326e+00 -6.753e+00 -1.446e+01 -2.017e+00 -4.834e+00 -5.896e+00 -1.631e+01 -1.705e+01 -7.504e+00 -2.806e+00
+13.297 +12.297 15.543  1.536 0.438 0.000 1.000 -2.400e+01 -1.500e-01 -5.589e-01 -4.541e+00 -5.041e+00 -1.382e+01 -2.326e+00 -6.754e+00 -1.446e+01 -2.017e+00 -4.816e+00 -5.979e+00 -1.631e+01 -1.703e+01 -7.500e+00 -2.806e+00
+13.325 +12.325 15.548  1.535 0.438 0.000 1.000 -2.400e+01 -1.500e-01 -5.589e-01 -4.541e+00 -5.042e+00 -1.382e+01 -2.326e+00 -6.754e+00 -1.446e+01 -2.017e+00 -4.797e+00 -6.068e+00 -1.631e+01 -1.701e+01 -7.497e+00 -2.806e+00
+13.352 +12.352 15.554  1.534 0.438 0.000 1.000 -2.400e+01 -1.500e-01 -5.589e-01 -4.542e+00 -5.043e+00 -1.383e+01 -2.326e+00 -6.755e+00 -1.446e+01 -2.017e+00 -4.778e+00 -6.162e+00 -1.631e+01 -1.699e+01 -7.494e+00 -2.806e+00
+13.380 +12.380 15.560  1.534 0.438 0.000 1.000 -2.400e+01 -1.500e-01 -5.589e-01 -4.543e+00 -5.044e+00 -1.383e+01 -2.326e+00 -6.755e+00 -1.446e+01 -2.017e+00 -4.759e+00 -6.263e+00 -1.631e+01 -1.697e+01 -7.491e+00 -2.806e+00
+13.407 +12.407 15.566  1.533 0.438 0.000 1.000 -2.400e+01 -1.500e-01 -5.589e-01 -4.543e+00 -5.045e+00 -1.383e+01 -2.326e+00 -6.755e+00 -1.446e+01 -2.017e+00 -4.739e+00 -6.370e+00 -1.631e+01 -1.695e+01 -7.489e+00 -2.806e+00
+13.435 +12.435 15.573  1.533 0.438 0.000 1.000 -2.400e+01 -1.500e-01 -5.589e-01 -4.544e+00 -5.045e+00 -1.383e+01 -2.326e+00 -6.756e+00 -1.446e+01 -2.017e+00 -4.719e+00 -6.485e+00 -1.631e+01 -1.693e+01 -7.488e+00 -2.806e+00
+13.462 +12.462 15.580  1.533 0.438 0.000 1.000 -2.400e+01 -1.500e-01 -5.588e-01 -4.544e+00 -5.046e+00 -1.383e+01 -2.326e+00 -6.756e+00 -1.446e+01 -2.017e+00 -4.698e+00 -6.606e+00 -1.631e+01 -1.691e+01 -7.487e+00 -2.806e+00
+13.490 +12.490 15.587  1.532 0.438 0.000 1.000 -2.400e+01 -1.500e-01 -5.588e-01 -4.544e+00 -5.046e+00 -1.383e+01 -2.326e+00 -6.756e+00 -1.446e+01 -2.017e+00 -4.677e+00 -6.734e+00 -1.631e+01 -1.689e+01 -7.486e+00 -2.806e+00
+13.517 +12.517 15.595  1.532 0.438 0.000 1.000 -2.400e+01 -1.500e-01 -5.588e-01 -4.544e+00 -5.046e+00 -1.383e+01 -2.326e+00 -6.756e+00 -1.446e+01 -2.017e+00 -4.656e+00 -6.869e+00 -1.631e+01 -1.687e+01 -7.486e+00 -2.806e+00
+13.545 +12.545 15.603  1.532 0.438 0.000 1.000 -2.400e+01 -1.500e-01 -5.588e-01 -4.544e+00 -5.047e+00 -1.383e+01 -2.326e+00 -6.756e+00 -1.446e+01 -2.017e+00 -4.635e+00 -7.010e+00 -1.631e+01 -1.685e+01 -7.486e+00 -2.806e+00
+13.572 +12.572 15.611  1.532 0.438 0.000 1.000 -2.400e+01 -1.500e-01 -5.588e-01 -4.545e+00 -5.047e+00 -1.383e+01 -2.326e+00 -6.756e+00 -1.446e+01 -2.017e+00 -4.613e+00 -7.154e+00 -1.631e+01 -1.683e+01 -7.486e+00 -2.806e+00
+13.600 +12.600 15.620  1.532 0.438 0.000 1.000 -2.400e+01 -1.500e-01 -5.587e-01 -4.545e+00 -5.047e+00 -1.383e+01 -2.326e+00 -6.756e+00 -1.446e+01 -2.017e+00 -4.591e+00 -7.299e+00 -1.631e+01 -1.681e+01 -7.487e+00 -2.806e+00
+13.627 +12.627 15.629  1.532 0.438 0.000 1.000 -2.400e+01 -1.501e-01 -5.587e-01 -4.545e+00 -5.047e+00 -1.383e+01 -2.326e+00 -6.757e+00 -1.446e+01 -2.017e+00 -4.569e+00 -7.439e+00 -1.631e+01 -1.678e+01 -7.488e+00 -2.806e+00
+13.655 +12.655 15.639  1.532 0.438 0.000 1.000 -2.400e+01 -1.501e-01 -5.587e-01 -4.545e+00 -5.047e+00 -1.383e+01 -2.326e+00 -6.757e+00 -1.446e+01 -2.018e+00 -4.546e+00 -7.566e+00 -1.631e+01 -1.676e+01 -7.488e+00 -2.806e+00
+13.682 +12.682 15.649  1.532 0.438 0.000 1.000 -2.400e+01 -1.501e-01 -5.587e-01 -4.545e+00 -5.047e+00 -1.383e+01 -2.326e+00 -6.757e+00 -1.446e+01 -2.018e+00 -4.524e+00 -7.672e+00 -1.631e+01 -1.674e+01 -7.489e+00 -2.806e+00
+13.710 +12.710 15.659  1.532 0.438 0.000 1.000 -2.400e+01 -1.501e-01 -5.587e-01 -4.545e+00 -5.047e+00 -1.383e+01 -2.326e+00 -6.757e+00 -1.446e+01 -2.018e+00 -4.501e+00 -7.749e+00 -1.631e+01 -1.672e+01 -7.490e+00 -2.806e+00
+13.737 +12.737 15.670  1.532 0.438 0.000 1.000 -2.400e+01 -1.501e-01 -5.586e-01 -4.545e+00 -5.047e+00 -1.383e+01 -2.326e+00 -6.757e+00 -1.446e+01 -2.018e+00 -4.478e+00 -7.796e+00 -1.631e+01 -1.669e+01 -7.492e+00 -2.806e+00
+13.765 +12.765 15.681  1.532 0.438 0.000 1.000 -2.400e+01 -1.501e-01 -5.586e-01 -4.545e+00 -5.047e+00 -1.383e+01 -2.326e+00 -6.757e+00 -1.446e+01 -2.018e+00 -4.454e+00 -7.817e+00 -1.631e+01 -1.667e+01 -7.493e+00 -2.806e+00
+13.792 +12.792 15.692  1.532 0.500 0.000 1.000 -2.400e+01 -1.501e-01 -5.586e-01 -4.545e+00 -5.047e+00 -1.383e+01 -2.326e+00 -6.757e+00 -1.446e+01 -2.018e+00 -4.430e+00 -7.817e+00 -1.631e+01 -1.665e+01 -7.494e+00 -2.806e+00
+13.820 +12.820 15.704  1.532 0.500 0.000 1.000 -2.400e+01 -1.501e-01 -5.585e-01 -4.545e+00 -5.047e+00 -1.383e+01 -2.326e+00 -6.757e+00 -1.446e+01 -2.018e+00 -4.407e+00 -7.805e+00 -1.631e+01 -1.662e+01 -7.496e+00 -2.806e+00
+13.847 +12.847 15.717  1.532 0.500 0.000 1.000 -2.400e+01 -1.501e-01 -5.585e-01 -4.545e+00 -5.047e+00 -1.383e+01 -2.326e+00 -6.757e+00 -1.446e+01 -2.018e+00 -4.383e+00 -7.786e+00 -1.631e+01 -1.660e+01 -7.497e+00 -2.806e+00
+13.875 +12.875 15.730  1.532 0.500 0.000 1.000 -2.400e+01 -1.502e-01 -5.585e-01 -4.545e+00 -5.047e+00 -1.383e+01 -2.326e+00 -6.757e+00 -1.446e+01 -2.018e+00 -4.358e+00 -7.762e+00 -1.631e+01 -1.657e+01 -7.499e+00 -2.806e+00
+13.902 +12.902 15.743  1.532 0.500 0.000 1.000 -2.400e+01 -1.502e-01 -5.584e-01 -4.545e+00 -5.047e+00 -1.383e+01 -2.326e+00 -6.757e+00 -1.446e+01 -2.018e+00 -4.334e+00 -7.737e+00 -1.631e+01 -1.655e+01 -7.501e+00 -2.806e+00
+13.930 +12.930 15.757  1.532 0.500 0.000 1.000 -2.400e+01 -1.502e-01 -5.584e-01 -4.545e+00 -5.047e+00 -1.383e+01 -2.326e+00 -6.757e+00 -1.446e+01 -2.018e+00 -4.310e+00 -7.712e+00 -1.631e+01 -1.653e+01 -7.502e+00 -2.806e+00
+13.957 +12.957 15.771  1.532 0.500 0.000 1.000 -2.400e+01 -1.502e-01 -5.583e-01 -4.545e+00 -5.047e+00 -1.383e+01 -2.326e+00 -6.757e+00 -1.446e+01 -2.019e+00 -4.285e+00 -7.685e+00 -1.631e+01 -1.650e+01 -7.504e+00 -2.806e+00
+13.985 +12.985 15.785  1.532 0.500 0.000 1.000 -2.400e+01 -1.502e-01 -5.583e-01 -4.545e+00 -5.047e+00 -1.383e+01 -2.326e+00 -6.757e+00 -1.446e+01 -2.019e+00 -4.260e+00 -7.659e+00 -1.631e+01 -1.648e+01 -7.506e+00 -2.806e+00
+14.012 +13.012 15.801  1.532 0.500 0.000 1.000 -2.400e+01 -1.503e-01 -5.582e-01 -4.545e+00 -5.047e+00 -1.383e+01 -2.326e+00 -6.757e+00 -1.446e+01 -2.019e+00 -4.235e+00 -7.633e+00 -1.631e+01 -1.645e+01 -7.508e+00 -2.806e+00
+14.040 +13.040 15.816  1.531 0.500 0.000 1.000 -2.400e+01 -1.503e-01 -5.582e-01 -4.545e+00 -5.047e+00 -1.383e+01 -2.326e+00 -6.757e+00 -1.446e+01 -2.019e+00 -4.210e+00 -7.608e+00 -1.632e+01 -1.643e+01 -7.511e+00 -2.806e+00
+14.067 +13.067 15.832  1.531 0.500 0.000 1.000 -2.400e+01 -1.503e-01 -5.581e-01 -4.545e+00 -5.047e+00 -1.383e+01 -2.326e+00 -6.757e+00 -1.446e+01 -2.019e+00 -4.185e+00 -7.582e+00 -1.632e+01 -1.640e+01 -7.513e+00 -2.806e+00
+14.095 +13.095 15.848  1.531 0.500 0.000 1.000 -2.400e+01 -1.503e-01 -5.580e-01 -4.545e+00 -5.047e+00 -1.383e+01 -2.326e+00 -6.757e+00 -1.446e+01 -2.019e+00 -4.160e+00 -7.556e+00 -1.632e+01 -1.638e+01 -7.515e+00 -2.806e+00
+14.122 +13.122 15.865  1.531 0.500 0.000 1.000 -2.400e+01 -1.503e-01 -5.580e-01 -4.545e+00 -5.047e+00 -1.383e+01 -2.326e+00 -6.757e+00 -1.446e+01 -2.019e+00 -4.134e+00 -7.529e+00 -1.632e+01 -1.635e+01 -7.518e+00 -2.806e+00
+14.150 +13.150 15.882  1.531 0.500 0.000 1.000 -2.400e+01 -1.504e-01 -5.579e-01 -4.545e+00 -5.047e+00 -1.383e+01 -2.326e+00 -6.757e+00 -1.446e+01 -2.020e+00 -4.109e+00 -7.502e+00 -1.632e+01 -1.633e+01 -7.520e+00 -2.806e+00
+14.177 +13.177 15.899  1.531 0.500 0.000 1.000 -2.400e+01 -1.504e-01 -5.578e-01 -4.545e+00 -5.047e+00 -1.383e+01 -2.326e+00 -6.757e+00 -1.446e+01 -2.020e+00 -4.083e+00 -7.475e+00 -1.632e+01 -1.630e+01 -7.523e+00 -2.806e+00
+14.205 +13.205 15.917  1.531 0.500 0.000 1.000 -2.400e+01 -1.504e-01 -5.577e-01 -4.545e+00 -5.047e+00 -1.383e+01 -2.326e+00 -6.757e+00 -1.446e+01 -2.020e+00 -4.058e+00 -7.448e+00 -1.632e+01 -1.627e+01 -7.526e+00 -2.806e+00
+14.232 +13.232 15.936  1.531 0.500 0.000 1.000 -2.400e+01 -1.505e-01 -5.577e-01 -4.545e+00 -5.047e+00 -1.383e+01 -2.326e+00 -6.757e+00 -1.446e+01 -2.020e+00 -4.032e+00 -7.421e+00 -1.632e+01 -1.625e+01 -7.529e+00 -2.806e+00
+14.260 +13.260 15.954  1.531 0.500 0.000 1.000 -2.400e+01 -1.505e-01 -5.576e-01 -4.545e+00 -5.047e+00 -1.383e+01 -2.326e+00 -6.757e+00 -1.446e+01 -2.020e+00 -4.006e+00 -7.394e+00 -1.632e+01 -1.622e+01 -7.532e+00 -2.806e+00
+14.287 +13.287 15.973  1.531 0.500 0.000 1.000 -2.400e+01 -1.505e-01 -5.575e-01 -4.545e+00 -5.047e+00 -1.383e+01 -2.326e+00 -6.757e+00 -1.446e+01 -2.021e+00 -3.980e+00 -7.367e+00 -1.632e+01 -1.620e+01 -7.535e+00 -2.806e+00
+14.315 +13.315 15.993  1.531 0.500 0.000 1.000 -2.400e+01 -1.506e-01 -5.574e-01 -4.545e+00 -5.047e+00 -1.383e+01 -2.326e+00 -6.757e+00 -1.446e+01 -2.021e+00 -3.955e+00 -7.340e+00 -1.632e+01 -1.617e+01 -7.538e+00 -2.806e+00
+14.342 +13.342 16.013  1.531 0.562 0.000 1.000 -2.400e+01 -1.506e-01 -5.572e-01 -4.545e+00 -5.047e+00 -1.383e+01 -2.326e+00 -6.757e+00 -1.446e+01 -2.021e+00 -3.929e+00 -7.323e+00 -1.632e+01 -1.615e+01 -7.542e+00 -2.806e+00
+14.370 +13.370 16.033  1.531 0.562 0.000 1.000 -2.400e+01 -1.507e-01 -5.571e-01 -4.545e+00 -5.047e+00 -1.383e+01 -2.326e+00 -6.757e+00 -1.446e+01 -2.022e+00 -3.903e+00 -7.298e+00 -1.632e+01 -1.612e+01 -7.545e+00 -2.806e+00
+14.397 +13.397 16.053  1.531 0.562 0.000 1.000 -2.400e+01 -1.507e-01 -5.570e-01 -4.545e+00 -5.047e+00 -1.383e+01 -2.326e+00 -6.757e+00 -1.446e+01 -2.022e+00 -3.877e+00 -7.272e+00 -1.632e+01 -1.609e+01 -7.548e+00 -2.806e+00
+14.425 +13.425 16.074  1.531 0.562 0.000 1.000 -2.400e+01 -1.508e-01 -5.569e-01 -4.545e+00 -5.047e+00 -1.383e+01 -2.326e+00 -6.757e+00 -1.446e+01 -2.022e+00 -3.851e+00 -7.246e+00 -1.632e+01 -1.607e+01 -7.552e+00 -2.806e+00
+14.452 +13.452 16.095  1.531 0.562 0.000 1.000 -2.400e+01 -1.508e-01 -5.567e-01 -4.545e+00 -5.047e+00 -1.383e+01 -2.326e+00 -6.757e+00 -1.446e+01 -2.023e+00 -3.825e+00 -7.219e+00 -1.632e+01 -1.604e+01 -7.555e+00 -2.806e+00
+14.480 +13.480 16.117  1.531 0.562 0.000 1.000 -2.400e+01 -1.509e-01 -5.566e-01 -4.545e+00 -5.047e+00 -1.383e+01 -2.326e+00 -6.757e+00 -1.446e+01 -2.023e+00 -3.798e+00 -7.192e+00 -1.632e+01 -1.602e+01 -7.559e+00 -2.806e+00
+14.507 +13.507 16.138  1.531 0.562 0.000 1.000 -2.400e+01 -1.510e-01 -5.564e-01 -4.545e+00 -5.047e+00 -1.383e+01 -2.326e+00 -6.757e+00 -1.446e+01 -2.023e+00 -3.772e+00 -7.166e+00 -1.632e+01 -1.599e+01 -7.562e+00 -2.806e+00
+14.535 +13.535 16.160  1.531 0.562 0.000 1.000 -2.400e+01 -1.510e-01 -5.562e-01 -4.545e+00 -5.047e+00 -1.383e+01 -2.326e+00 -6.757e+00 -1.446e+01 -2.024e+00 -3.746e+00 -7.139e+00 -1.632e+01 -1.596e+01 -7.565e+00 -2.806e+00
+14.562 +13.562 16.183  1.531 0.562 0.000 1.000 -2.400e+01 -1.511e-01 -5.560e-01 -4.545e+00 -5.047e+00 -1.383e+01 -2.326e+00 -6.757e+00 -1.446e+01 -2.024e+00 -3.720e+00 -7.112e+00 -1.632e+01 -1.594e+01 -7.568e+00 -2.806e+00
+14.590 +13.590 16.205  1.531 0.562 0.000 1.000 -2.400e+01 -1.512e-01 -5.559e-01 -4.545e+00 -5.047e+00 -1.383e+01 -2.326e+00 -6.757e+00 -1.446e+01 -2.025e+00 -3.694e+00 -7.086e+00 -1.632e+01 -1.591e+01 -7.570e+00 -2.806e+00
+14.617 +13.617 16.228  1.531 0.562 0.000 1.000 -2.400e+01 -1.513e-01 -5.556e-01 -4.545e+00 -5.047e+00 -1.383e+01 -2.326e+00 -6.757e+00 -1.446e+01 -2.025e+00 -3.668e+00 -7.059e+00 -1.632e+01 -1.589e+01 -7.573e+00 -2.806e+00
+14.645 +13.645 16.251  1.531 0.562 0.000 1.000 -2.400e+01 -1.514e-01 -5.554e-01 -4.545e+00 -5.047e+00 -1.383e+01 -2.326e+00 -6.757e+00 -1.446e+01 -2.026e+00 -3.642e+00 -7.033e+00 -1.632e+01 -1.586e+01 -7.575e+00 -2.806e+00
+14.672 +13.672 16.274  1.530 0.562 0.000 1.000 -2.400e+01 -1.515e-01 -5.552e-01 -4.545e+00 -5.047e+00 -1.383e+01 -2.326e+00 -6.756e+00 -1.446e+01 -2.027e+00 -3.616e+00 -7.006e+00 -1.632e+01 -1.583e+01 -7.576e+00 -2.806e+00
+14.700 +13.700 16.298  1.530 0.562 0.000 1.000 -2.400e+01 -1.516e-01 -5.549e-01 -4.545e+00 -5.047e+00 -1.383e+01 -2.326e+00 -6.756e+00 -1.446e+01 -2.027e+00 -3.590e+00 -6.980e+00 -1.632e+01 -1.581e+01 -7.577e+00 -2.806e+00
+14.727 +13.727 16.321  1.530 0.562 0.000 1.000 -2.400e+01 -1.517e-01 -5.547e-01 -4.545e+00 -5.047e+00 -1.383e+01 -2.326e+00 -6.756e+00 -1.446e+01 -2.028e+00 -3.563e+00 -6.953e+00 -1.633e+01 -1.578e+01 -7.577e+00 -2.806e+00
+14.755 +13.755 16.345  1.530 0.562 0.000 1.000 -2.400e+01 -1.518e-01 -5.544e-01 -4.545e+00 -5.047e+00 -1.383e+01 -2.326e+00 -6.756e+00 -1.446e+01 -2.029e+00 -3.537e+00 -6.927e+00 -1.633e+01 -1.576e+01 -7.576e+00 -2.806e+00
+14.782 +13.782 16.369  1.530 0.562 0.000 1.000 -2.400e+01 -1.519e-01 -5.541e-01 -4.545e+00 -5.047e+00 -1.383e+01 -2.326e+00 -6.756e+00 -1.446e+01 -2.029e+00 -3.511e+00 -6.901e+00 -1.633e+01 -1.573e+01 -7.574e+00 -2.806e+00
+14.810 +13.810 16.393  1.530 0.562 0.000 1.000 -2.400e+01 -1.520e-01 -5.537e-01 -4.545e+00 -5.047e+00 -1.383e+01 -2.326e+00 -6.756e+00 -1.446e+01 -2.030e+00 -3.486e+00 -6.874e+00 -1.633e+01 -1.570e+01 -7.571e+00 -2.806e+00
+14.837 +13.837 16.418  1.530 0.562 0.000 1.000 -2.400e+01 -1.522e-01 -5.534e-01 -4.545e+00 -5.047e+00 -1.383e+01 -2.326e+00 -6.756e+00 -1.446e+01 -2.031e+00 -3.460e+00 -6.848e+00 -1.633e+01 -1.568e+01 -7.566e+00 -2.806e+00
+14.865 +13.865 16.442  1.530 0.562 0.000 1.000 -2.400e+01 -1.523e-01 -5.530e-01 -4.545e+00 -5.047e+00 -1.383e+01 -2.326e+00 -6.756e+00 -1.446e+01 -2.032e+00 -3.434e+00 -6.822e+00 -1.633e+01 -1.565e+01 -7.560e+00 -2.806e+00
+14.892 +13.892 16.467  1.530 0.562 0.000 1.000 -2.400e+01 -1.525e-01 -5.526e-01 -4.544e+00 -5.047e+00 -1.383e+01 -2.326e+00 -6.756e+00 -1.446e+01 -2.033e+00 -3.408e+00 -6.796e+00 -1.633e+01 -1.563e+01 -7.553e+00 -2.806e+00
+14.920 +13.920 16.492  1.530 0.562 0.000 1.000 -2.400e+01 -1.526e-01 -5.522e-01 -4.544e+00 -5.047e+00 -1.383e+01 -2.326e+00 -6.756e+00 -1.446e+01 -2.034e+00 -3.382e+00 -6.770e+00 -1.633e+01 -1.560e+01 -7.544e+00 -2.806e+00
+14.947 +13.947 16.517  1.530 0.562 0.000 1.000 -2.400e+01 -1.528e-01 -5.518e-01 -4.544e+00 -5.047e+00 -1.383e+01 -2.325e+00 -6.756e+00 -1.446e+01 -2.035e+00 -3.357e+00 -6.744e+00 -1.633e+01 -1.558e+01 -7.533e+00 -2.806e+00
+14.975 +13.975 16.542  1.529 0.562 0.000 1.000 -2.400e+01 -1.530e-01 -5.513e-01 -4.544e+00 -5.047e+00 -1.383e+01 -2.325e+00 -6.756e+00 -1.446e+01 -2.037e+00 -3.331e+00 -6.718e+00 -1.633e+01 -1.555e+01 -7.520e+00 -2.806e+00
+15.002 +14.002 16.567  1.529 0.562 0.000 1.000 -2.400e+01 -1.532e-01 -5.508e-01 -4.544e+00 -5.046e+00 -1.383e+01 -2.325e+00 -6.756e+00 -1.446e+01 -2.038e+00 -3.306e+00 -6.692e+00 -1.634e+01 -1.552e+01 -7.506e+00 -2.806e+00
+15.030 +14.030 16.593  1.529 0.562 0.000 1.000 -2.400e+01 -1.534e-01 -5.503e-01 -4.544e+00 -5.046e+00 -1.383e+01 -2.325e+00 -6.756e+00 -1.446e+01 -2.039e+00 -3.280e+00 -6.667e+00 -1.634e+01 -1.550e+01 -7.489e+00 -2.806e+00
+15.057 +14.057 16.618  1.529 0.562 0.000 1.000 -2.400e+01 -1.536e-01 -5.497e-01 -4.544e+00 -5.046e+00 -1.383e+01 -2.325e+00 -6.756e+00 -1.446e+01 -2.041e+00 -3.255e+00 -6.641e+00 -1.634e+01 -1.547e+01 -7.470e+00 -2.806e+00
+15.085 +14.085 16.644  1.529 0.562 0.000 1.000 -2.400e+01 -1.539e-01 -5.491e-01 -4.544e+00 -5.046e+00 -1.383e+01 -2.325e+00 -6.755e+00 -1.446e+01 -2.042e+00 -3.230e+00 -6.616e+00 -1.634e+01 -1.545e+01 -7.450e+00 -2.806e+00
+15.112 +14.112 16.670  1.529 0.562 0.000 1.000 -2.400e+01 -1.542e-01 -5.484e-01 -4.544e+00 -5.046e+00 -1.383e+01 -2.325e+00 -6.755e+00 -1.446e+01 -2.044e+00 -3.205e+00 -6.590e+00 -1.634e+01 -1.542e+01 -7.428e+00 -2.806e+00
+15.140 +14.140 16.695  1.529 0.562 0.000 1.000 -2.400e+01 -1.544e-01 -5.478e-01 -4.543e+00 -5.046e+00 -1.383e+01 -2.325e+00 -6.755e+00 -1.446e+01 -2.046e+00 -3.180e+00 -6.565e+00 -1.635e+01 -1.540e+01 -7.404e+00 -2.806e+00
+15.167 +14.167 16.721  1.529 0.562 0.000 1.000 -2.400e+01 -1.547e-01 -5.470e-01 -4.543e+00 -5.046e+00 -1.383e+01 -2.325e+00 -6.755e+00 -1.446e+01 -2.048e+00 -3.155e+00 -6.540e+00 -1.635e+01 -1.538e+01 -7.378e+00 -2.806e+00
+15.195 +14.195 16.747  1.529 0.562 0.000 1.000 -2.400e+01 -1.550e-01 -5.462e-01 -4.543e+00 -5.045e+00 -1.383e+01 -2.324e+00 -6.755e+00 -1.446e+01 -2.050e+00 -3.131e+00 -6.515e+00 -1.635e+01 -1.535e+01 -7.351e+00 -2.806e+00
+15.222 +13.710 16.773  1.529 0.562 0.000 1.000 -2.400e+01 -1.554e-01 -5.454e-01 -4.543e+00 -5.045e+00 -1.383e+01 -2.324e+00 -6.754e+00 -1.446e+01 -2.052e+00 -3.106e+00 -6.475e+00 -1.635e+01 -1.532e+01 -7.322e+00 -2.806e+00
+15.250 +14.035 16.800  1.529 0.562 0.000 1.000 -2.400e+01 -1.557e-01 -5.445e-01 -4.542e+00 -5.045e+00 -1.383e+01 -2.324e+00 -6.754e+00 -1.446e+01 -2.054e+00 -3.082e+00 -6.455e+00 -1.636e+01 -1.530e+01 -7.290e+00 -2.806e+00
+15.277 +13.908 16.826  1.528 0.562 0.000 1.000 -2.400e+01 -1.561e-01 -5.436e-01 -4.542e+00 -5.045e+00 -1.383e+01 -2.324e+00 -6.754e+00 -1.446e+01 -2.057e+00 -3.058e+00 -6.427e+00 -1.636e+01 -1.527e+01 -7.258e+00 -2.806e+00
+15.305 +13.934 16.852  1.528 0.562 0.000 1.000 -2.400e+01 -1.565e-01 -5.426e-01 -4.542e+00 -5.044e+00 -1.383e+01 -2.323e+00 -6.753e+00 -1.446e+01 -2.059e+00 -3.035e+00 -6.403e+00 -1.636e+01 -1.525e+01 -7.225e+00 -2.806e+00
+15.332 +14.111 16.879  1.528 0.562 0.000 1.000 -2.400e+01 -1.570e-01 -5.416e-01 -4.541e+00 -5.044e+00 -1.383e+01 -2.323e+00 -6.753e+00 -1.446e+01 -2.062e+00 -3.011e+00 -6.383e+00 -1.636e+01 -1.523e+01 -7.192e+00 -2.806e+00
+15.360 +13.487 16.905  1.529 0.562 0.000 1.000 -2.400e+01 -1.574e-01 -5.405e-01 -4.541e+00 -5.043e+00 -1.383e+01 -2.322e+00 -6.752e+00 -1.446e+01 -2.065e+00 -2.988e+00 -6.352e+00 -1.637e+01 -1.520e+01 -7.159e+00 -2.806e+00
+15.387 +14.063 16.931  1.529 0.562 0.000 1.000 -2.400e+01 -1.579e-01 -5.393e-01 -4.540e+00 -5.043e+00 -1.383e+01 -2.322e+00 -6.752e+00 -1.446e+01 -2.068e+00 -2.965e+00 -6.333e+00 -1.637e+01 -1.518e+01 -7.124e+00 -2.806e+00
+15.415 +13.978 16.958  1.529 0.562 0.000 1.000 -2.400e+01 -1.585e-01 -5.380e-01 -4.539e+00 -5.042e+00 -1.383e+01 -2.321e+00 -6.751e+00 -1.446e+01 -2.072e+00 -2.942e+00 -6.308e+00 -1.638e+01 -1.516e+01 -7.091e+00 -2.806e+00
+15.442 +13.434 16.985  1.529 0.562 0.000 1.000 -2.400e+01 -1.590e-01 -5.367e-01 -4.539e+00 -5.041e+00 -1.383e+01 -2.321e+00 -6.750e+00 -1.446e+01 -2.075e+00 -2.920e+00 -6.282e+00 -1.638e+01 -1.513e+01 -7.058e+00 -2.806e+00
+15.470 +13.813 17.011  1.529 0.562 0.000 1.000 -2.400e+01 -1.596e-01 -5.352e-01 -4.538e+00 -5.040e+00 -1.383e+01 -2.320e+00 -6.749e+00 -1.446e+01 -2.079e+00 -2.897e+00 -6.261e+00 -1.638e+01 -1.511e+01 -7.024e+00 -2.806e+00
+15.497 +13.914 17.038  1.529 0.562 0.000 1.000 -2.400e+01 -1.603e-01 -5.337e-01 -4.537e+00 -5.039e+00 -1.383e+01 -2.319e+00 -6.748e+00 -1.446e+01 -2.083e+00 -2.876e+00 -6.239e+00 -1.639e+01 -1.509e+01 -6.992e+00 -2.806e+00
+15.525 +13.504 17.065  1.530 0.562 0.000 1.000 -2.400e+01 -1.609e-01 -5.321e-01 -4.536e+00 -5.038e+00 -1.383e+01 -2.318e+00 -6.747e+00 -1.446e+01 -2.087e+00 -2.854e+00 -6.216e+00 -1.639e+01 -1.507e+01 -6.960e+00 -2.806e+00
+15.552 +13.163 17.092  1.530 0.500 0.000 1.000 -2.400e+01 -1.617e-01 -5.304e-01 -4.534e+00 -5.037e+00 -1.383e+01 -2.317e+00 -6.746e+00 -1.446e+01 -2.092e+00 -2.833e+00 -6.194e+00 -1.640e+01 -1.505e+01 -6.928e+00 -2.806e+00
+15.580 +13.449 17.119  1.531 0.562 0.000 1.000 -2.400e+01 -1.625e-01 -5.286e-01 -4.533e+00 -5.036e+00 -1.383e+01 -2.315e+00 -6.745e+00 -1.446e+01 -2.096e+00 -2.812e+00 -6.174e+00 -1.640e+01 -1.503e+01 -6.897e+00 -2.806e+00
+15.607 +14.007 17.146  1.532 0.562 0.000 1.000 -2.400e+01 -1.633e-01 -5.266e-01 -4.532e+00 -5.034e+00 -1.383e+01 -2.314e+00 -6.743e+00 -1.446e+01 -2.102e+00 -2.792e+00 -6.155e+00 -1.641e+01 -1.501e+01 -6.867e+00 -2.806e+00
+15.635 +13.680 17.173  1.532 0.562 0.000 1.000 -2.400e+01 -1.642e-01 -5.246e-01 -4.530e+00 -5.032e+00 -1.383e+01 -2.312e+00 -6.741e+00 -1.446e+01 -2.107e+00 -2.772e+00 -6.134e+00 -1.642e+01 -1.499e+01 -6.839e+00 -2.806e+00
+15.662 +13.113 17.200  1.534 0.500 0.000 1.000 -2.400e+01 -1.651e-01 -5.224e-01 -4.528e+00 -5.030e+00 -1.383e+01 -2.310e+00 -6.739e+00 -1.446e+01 -2.113e+00 -2.753e+00 -6.113e+00 -1.642e+01 -1.497e+01 -6.811e+00 -2.806e+00
+15.690 +13.691 17.227  1.535 0.562 0.000 1.000 -2.400e+01 -1.662e-01 -5.201e-01 -4.526e+00 -5.028e+00 -1.383e+01 -2.308e+00 -6.737e+00 -1.446e+01 -2.119e+00 -2.734e+00 -6.095e+00 -1.643e+01 -1.495e+01 -6.783e+00 -2.806e+00
+15.717 +13.657 17.255  1.536 0.562 0.000 1.000 -2.400e+01 -1.673e-01 -5.176e-01 -4.523e+00 -5.026e+00 -1.382e+01 -2.306e+00 -6.735e+00 -1.445e+01 -2.125e+00 -2.716e+00 -6.076e+00 -1.644e+01 -1.494e+01 -6.757e+00 -2.806e+00
+15.745 +12.723 17.282  1.537 0.438 0.000 1.000 -2.400e+01 -1.684e-01 -5.150e-01 -4.521e+00 -5.023e+00 -1.382e+01 -2.303e+00 -6.732e+00 -1.445e+01 -2.132e+00 -2.698e+00 -6.059e+00 -1.645e+01 -1.492e+01 -6.732e+00 -2.806e+00
+15.772 +13.844 17.310  1.539 0.562 0.000 1.000 -2.400e+01 -1.697e-01 -5.122e-01 -4.518e+00 -5.020e+00 -1.382e+01 -2.301e+00 -6.729e+00 -1.445e+01 -2.140e+00 -2.681e+00 -6.042e+00 -1.645e+01 -1.490e+01 -6.708e+00 -2.806e+00
+15.800 +13.639 17.338  1.541 0.562 0.000 1.000 -2.400e+01 -1.711e-01 -5.092e-01 -4.515e+00 -5.017e+00 -1.382e+01 -2.297e+00 -6.726e+00 -1.445e+01 -2.147e+00 -2.665e+00 -6.025e+00 -1.646e+01 -1.489e+01 -6.685e+00 -2.806e+00
+15.827 +12.953 17.365  1.543 0.500 0.000 1.000 -2.400e+01 -1.725e-01 -5.061e-01 -4.511e+00 -5.014e+00 -1.382e+01 -2.294e+00 -6.722e+00 -1.445e+01 -2.156e+00 -2.649e+00 -6.008e+00 -1.647e+01 -1.487e+01 -6.664e+00 -2.806e+00
+15.855 +13.612 17.393  1.545 0.562 0.000 1.000 -2.400e+01 -1.741e-01 -5.027e-01 -4.507e+00 -5.010e+00 -1.381e+01 -2.290e+00 -6.719e+00 -1.445e+01 -2.164e+00 -2.634e+00 -5.993e+00 -1.648e+01 -1.486e+01 -6.643e+00 -2.806e+00
+15.882 +13.316 17.421  1.548 0.500 0.000 1.000 -2.400e+01 -1.757e-01 -4.992e-01 -4.503e+00 -5.005e+00 -1.381e+01 -2.286e+00 -6.714e+00 -1.444e+01 -2.174e+00 -2.619e+00 -5.979e+00 -1.650e+01 -1.485e+01 -6.623e+00 -2.806e+00
+15.910 +13.710 17.449  1.550 0.562 0.000 1.000 -2.400e+01 -1.776e-01 -4.954e-01 -4.498e+00 -5.001e+00 -1.381e+01 -2.281e+00 -6.710e+00 -1.444e+01 -2.184e+00 -2.606e+00 -5.965e+00 -1.651e+01 -1.484e+01 -6.605e+00 -2.806e+00
+15.937 +13.218 17.478  1.554 0.500 0.000 1.000 -2.400e+01 -1.795e-01 -4.913e-01 -4.493e+00 -4.996e+00 -1.381e+01 -2.276e+00 -6.705e+00 -1.444e+01 -2.194e+00 -2.593e+00 -5.952e+00 -1.652e+01 -1.483e+01 -6.588e+00 -2.806e+00
+15.965 +13.725 17.506  1.557 0.562 0.000 1.000 -2.400e+01 -1.816e-01 -4.871e-01 -4.488e+00 -4.990e+00 -1.380e+01 -2.271e+00 -6.699e+00 -1.443e+01 -2.205e+00 -2.581e+00 -5.941e+00 -1.653e+01 -1.482e+01 -6.572e+00 -2.806e+00
+15.992 +13.622 17.535  1.560 0.562 0.000 1.000 -2.400e+01 -1.839e-01 -4.825e-01 -4.482e+00 -4.985e+00 -1.380e+01 -2.265e+00 -6.694e+00 -1.443e+01 -2.217e+00 -2.570e+00 -5.929e+00 -1.655e+01 -1.481e+01 -6.557e+00 -2.806e+00
+16.020 +13.832 17.563  1.564 0.562 0.000 1.000 -2.400e+01 -1.863e-01 -4.777e-01 -4.476e+00 -4.978e+00 -1.380e+01 -2.259e+00 -6.687e+00 -1.443e+01 -2.229e+00 -2.560e+00 -5.920e+00 -1.656e+01 -1.480e+01 -6.543e+00 -2.806e+00
+16.047 +13.028 17.592  1.568 0.500 0.000 1.000 -2.400e+01 -1.889e-01 -4.725e-01 -4.469e+00 -4.972e+00 -1.379e+01 -2.252e+00 -6.681e+00 -1.442e+01 -2.242e+00 -2.552e+00 -5.910e+00 -1.658e+01 -1.479e+01 -6.531e+00 -2.806e+00
+16.075 +13.697 17.621  1.572 0.562 0.000 1.000 -2.400e+01 -1.918e-01 -4.671e-01 -4.462e+00 -4.965e+00 -1.379e+01 -2.245e+00 -6.674e+00 -1.442e+01 -2.255e+00 -2.544e+00 -5.903e+00 -1.659e+01 -1.479e+01 -6.520e+00 -2.806e+00
+16.102 +13.527 17.651  1.577 0.562 0.000 1.000 -2.400e+01 -1.949e-01 -4.613e-01 -4.455e+00 -4.957e+00 -1.378e+01 -2.238e+00 -6.666e+00 -1.441e+01 -2.270e+00 -2.537e+00 -5.896e+00 -1.661e+01 -1.479e+01 -6.511e+00 -2.806e+00
+16.130 +12.928 17.680  1.581 0.500 0.000 1.000 -2.400e+01 -1.983e-01 -4.551e-01 -4.447e+00 -4.949e+00 -1.378e+01 -2.230e+00 -6.658e+00 -1.441e+01 -2.285e+00 -2.531e+00 -5.890e+00 -1.663e+01 -1.478e+01 -6.502e+00 -2.806e+00
+16.157 +12.593 17.710  1.586 0.438 0.000 1.000 -2.400e+01 -2.019e-01 -4.486e-01 -4.438e+00 -4.941e+00 -1.377e+01 -2.221e+00 -6.650e+00 -1.440e+01 -2.301e+00 -2.527e+00 -5.886e+00 -1.665e+01 -1.478e+01 -6.496e+00 -2.806e+00
+16.185 +13.500 17.740  1.591 0.562 0.000 1.000 -2.400e+01 -2.059e-01 -4.417e-01 -4.430e+00 -4.932e+00 -1.377e+01 -2.213e+00 -6.641e+00 -1.440e+01 -2.318e+00 -2.524e+00 -5.883e+00 -1.667e+01 -1.478e+01 -6.490e+00 -2.806e+00
+16.212 +13.464 17.770  1.595 0.500 0.000 1.000 -2.400e+01 -2.102e-01 -4.343e-01 -4.421e+00 -4.923e+00 -1.376e+01 -2.204e+00 -6.632e+00 -1.440e+01 -2.335e+00 -2.522e+00 -5.881e+00 -1.669e+01 -1.479e+01 -6.486e+00 -2.806e+00
+16.240 +13.606 17.800  1.600 0.562 0.000 1.000 -2.400e+01 -2.149e-01 -4.266e-01 -4.411e+00 -4.914e+00 -1.376e+01 -2.194e+00 -6.623e+00 -1.439e+01 -2.354e+00 -2.522e+00 -5.881e+00 -1.671e+01 -1.479e+01 -6.484e+00 -2.806e+00
+16.267 +13.090 17.830  1.604 0.500 0.000 1.000 -2.400e+01 -2.199e-01 -4.184e-01 -4.402e+00 -4.904e+00 -1.376e+01 -2.185e+00 -6.613e+00 -1.439e+01 -2.373e+00 -2.523e+00 -5.882e+00 -1.674e+01 -1.480e+01 -6.483e+00 -2.806e+00
+16.295 +13.334 17.860  1.609 0.500 0.000 1.000 -2.400e+01 -2.255e-01 -4.097e-01 -4.392e+00 -4.894e+00 -1.375e+01 -2.175e+00 -6.603e+00 -1.438e+01 -2.393e+00 -2.526e+00 -5.884e+00 -1.676e+01 -1.480e+01 -6.484e+00 -2.806e+00
+16.322 +12.998 17.891  1.612 0.500 0.000 1.000 -2.400e+01 -2.316e-01 -4.006e-01 -4.382e+00 -4.884e+00 -1.375e+01 -2.165e+00 -6.593e+00 -1.438e+01 -2.414e+00 -2.530e+00 -5.888e+00 -1.679e+01 -1.481e+01 -6.486e+00 -2.806e+00
+16.350 +12.929 17.921  1.616 0.438 0.000 1.000 -2.400e+01 -2.382e-01 -3.910e-01 -4.372e+00 -4.874e+00 -1.374e+01 -2.155e+00 -6.583e+00 -1.437e+01 -2.436e+00 -2.535e+00 -5.894e+00 -1.682e+01 -1.483e+01 -6.491e+00 -2.806e+00
+16.377 +13.809 17.952  1.619 0.562 0.000 1.000 -2.400e+01 -2.453e-01 -3.809e-01 -4.362e+00 -4.864e+00 -1.374e+01 -2.144e+00 -6.573e+00 -1.437e+01 -2.459e+00 -2.542e+00 -5.901e+00 -1.685e+01 -1.484e+01 -6.496e+00 -2.806e+00
+16.405 +13.906 17.982  1.621 0.562 0.000 0.999 -2.400e+01 -2.532e-01 -3.704e-01 -4.352e+00 -4.854e+00 -1.374e+01 -2.134e+00 -6.563e+00 -1.437e+01 -2.482e+00 -2.551e+00 -5.909e+00 -1.688e+01 -1.486e+01 -6.504e+00 -2.806e+00
+16.432 +13.783 18.012  1.622 0.562 0.000 0.999 -2.400e+01 -2.617e-01 -3.594e-01 -4.342e+00 -4.844e+00 -1.374e+01 -2.124e+00 -6.553e+00 -1.437e+01 -2.506e+00 -2.561e+00 -5.919e+00 -1.691e+01 -1.488e+01 -6.513e+00 -2.806e+00
+16.460 +13.791 18.043  1.623 0.562 0.000 0.999 -2.400e+01 -2.711e-01 -3.480e-01 -4.332e+00 -4.834e+00 -1.374e+01 -2.114e+00 -6.543e+00 -1.437e+01 -2.531e+00 -2.573e+00 -5.931e+00 -1.695e+01 -1.490e+01 -6.524e+00 -2.806e+00
+16.487 +14.032 18.073  1.623 0.562 0.000 0.999 -2.400e+01 -2.812e-01 -3.361e-01 -4.322e+00 -4.824e+00 -1.374e+01 -2.104e+00 -6.534e+00 -1.437e+01 -2.556e+00 -2.586e+00 -5.944e+00 -1.698e+01 -1.492e+01 -6.536e+00 -2.806e+00
+16.515 +13.719 18.103  1.621 0.562 0.000 0.999 -2.400e+01 -2.923e-01 -3.239e-01 -4.312e+00 -4.815e+00 -1.374e+01 -2.095e+00 -6.524e+00 -1.437e+01 -2.582e+00 -2.601e+00 -5.959e+00 -1.702e+01 -1.495e+01 -6.550e+00 -2.806e+00
+16.542 +13.929 18.132  1.618 0.562 0.000 0.999 -2.400e+01 -3.043e-01 -3.113e-01 -4.303e+00 -4.805e+00 -1.374e+01 -2.085e+00 -6.515e+00 -1.437e+01 -2.608e+00 -2.618e+00 -5.976e+00 -1.706e+01 -1.497e+01 -6.566e+00 -2.806e+00
+16.570 +13.591 18.161  1.614 0.500 0.000 0.999 -2.400e+01 -3.174e-01 -2.983e-01 -4.294e+00 -4.796e+00 -1.374e+01 -2.076e+00 -6.506e+00 -1.437e+01 -2.635e+00 -2.635e+00 -5.994e+00 -1.710e+01 -1.501e+01 -6.583e+00 -2.806e+00
+16.597 +13.806 18.190  1.609 0.562 0.000 0.999 -2.400e+01 -3.316e-01 -2.851e-01 -4.285e+00 -4.788e+00 -1.375e+01 -2.067e+00 -6.497e+00 -1.438e+01 -2.662e+00 -2.654e+00 -6.012e+00 -1.714e+01 -1.504e+01 -6.601e+00 -2.806e+00
+16.625 +12.536 18.218  1.602 0.438 0.000 0.999 -2.400e+01 -3.471e-01 -2.716e-01 -4.277e+00 -4.779e+00 -1.376e+01 -2.059e+00 -6.488e+00 -1.439e+01 -2.688e+00 -2.674e+00 -6.032e+00 -1.718e+01 -1.507e+01 -6.621e+00 -2.806e+00
+16.652 +14.112 18.246  1.594 0.562 0.000 0.999 -2.400e+01 -3.639e-01 -2.579e-01 -4.269e+00 -4.771e+00 -1.377e+01 -2.050e+00 -6.480e+00 -1.440e+01 -2.715e+00 -2.696e+00 -6.052e+00 -1.722e+01 -1.511e+01 -6.641e+00 -2.806e+00
+16.680 +13.891 18.273  1.583 0.562 0.000 0.999 -2.400e+01 -3.822e-01 -2.441e-01 -4.260e+00 -4.763e+00 -1.378e+01 -2.042e+00 -6.472e+00 -1.441e+01 -2.741e+00 -2.718e+00 -6.076e+00 -1.727e+01 -1.515e+01 -6.663e+00 -2.806e+00
+16.707 +14.398 18.300  1.571 0.562 0.000 0.999 -2.400e+01 -4.020e-01 -2.302e-01 -4.253e+00 -4.755e+00 -1.379e+01 -2.034e+00 -6.464e+00 -1.442e+01 -2.766e+00 -2.741e+00 -6.098e+00 -1.731e+01 -1.520e+01 -6.685e+00 -2.806e+00
+16.735 +14.244 18.326  1.558 0.562 0.000 0.999 -2.400e+01 -4.234e-01 -2.163e-01 -4.245e+00 -4.747e+00 -1.380e+01 -2.027e+00 -6.456e+00 -1.443e+01 -2.791e+00 -2.764e+00 -6.121e+00 -1.736e+01 -1.524e+01 -6.709e+00 -2.806e+00
+16.762 +13.097 18.351  1.541 0.438 0.000 0.999 -2.400e+01 -4.467e-01 -2.025e-01 -4.237e+00 -4.740e+00 -1.382e+01 -2.019e+00 -6.449e+00 -1.445e+01 -2.815e+00 -2.788e+00 -6.146e+00 -1.741e+01 -1.529e+01 -6.733e+00 -2.806e+00
+16.790 +14.093 18.375  1.524 0.562 0.000 0.999 -2.400e+01 -4.719e-01 -1.887e-01 -4.230e+00 -4.732e+00 -1.384e+01 -2.012e+00 -6.442e+00 -1.446e+01 -2.838e+00 -2.812e+00 -6.170e+00 -1.746e+01 -1.534e+01 -6.757e+00 -2.806e+00
+16.817 +13.475 18.399  1.503 0.500 0.000 0.999 -2.400e+01 -4.992e-01 -1.751e-01 -4.223e+00 -4.726e+00 -1.386e+01 -2.005e+00 -6.435e+00 -1.449e+01 -2.860e+00 -2.836e+00 -6.194e+00 -1.750e+01 -1.539e+01 -6.781e+00 -2.806e+00
+16.845 +13.122 18.421  1.480 0.438 0.000 0.999 -2.400e+01 -5.287e-01 -1.618e-01 -4.217e+00 -4.719e+00 -1.388e+01 -1.998e+00 -6.429e+00 -1.451e+01 -2.880e+00 -2.859e+00 -6.217e+00 -1.755e+01 -1.544e+01 -6.805e+00 -2.806e+00
+16.872 +13.791 18.443  1.454 0.500 0.000 0.999 -2.400e+01 -5.607e-01 -1.488e-01 -4.210e+00 -4.713e+00 -1.390e+01 -1.992e+00 -6.422e+00 -1.453e+01 -2.899e+00 -2.882e+00 -6.241e+00 -1.761e+01 -1.550e+01 -6.828e+00 -2.806e+00
+16.900 +13.057 18.463  1.426 0.438 0.000 0.999 -2.400e+01 -5.952e-01 -1.361e-01 -4.204e+00 -4.707e+00 -1.393e+01 -1.986e+00 -6.416e+00 -1.456e+01 -2.916e+00 -2.905e+00 -6.263e+00 -1.766e+01 -1.555e+01 -6.851e+00 -2.806e+00
+16.927 +13.680 18.483  1.394 0.500 0.000 0.999 -2.400e+01 -6.324e-01 -1.238e-01 -4.199e+00 -4.701e+00 -1.396e+01 -1.980e+00 -6.411e+00 -1.459e+01 -2.932e+00 -2.926e+00 -6.284e+00 -1.771e+01 -1.561e+01 -6.873e+00 -2.806e+00
+16.955 +14.375 18.501  1.360 0.562 0.000 1.000 -2.400e+01 -6.726e-01 -1.121e-01 -4.193e+00 -4.695e+00 -1.400e+01 -1.975e+00 -6.405e+00 -1.463e+01 -2.946e+00 -2.946e+00 -6.304e+00 -1.776e+01 -1.567e+01 -6.893e+00 -2.806e+00
+16.982 +13.108 18.518  1.321 0.438 0.000 1.000 -2.400e+01 -7.160e-01 -1.009e-01 -4.188e+00 -4.690e+00 -1.404e+01 -1.970e+00 -6.400e+00 -1.467e+01 -2.959e+00 -2.965e+00 -6.324e+00 -1.782e+01 -1.573e+01 -6.913e+00 -2.806e+00
+17.010 +11.953 18.535  1.280 0.375 0.000 1.000 -2.400e+01 -7.627e-01 -9.026e-02 -4.183e+00 -4.685e+00 -1.408e+01 -1.965e+00 -6.395e+00 -1.471e+01 -2.971e+00 -2.983e+00 -6.341e+00 -1.788e+01 -1.580e+01 -6.931e+00 -2.806e+00
+17.037 +14.297 18.550  1.234 0.562 0.000 1.000 -2.400e+01 -8.130e-01 -8.027e-02 -4.179e+00 -4.680e+00 -1.412e+01 -1.960e+00 -6.390e+00 -1.475e+01 -2.981e+00 -3.000e+00 -6.358e+00 -1.794e+01 -1.587e+01 -6.948e+00 -2.806e+00
+17.065 +13.470 18.564  1.184 0.438 0.000 1.000 -2.400e+01 -8.672e-01 -7.094e-02 -4.174e+00 -4.676e+00 -1.417e+01 -1.955e+00 -6.386e+00 -1.480e+01 -2.989e+00 -3.015e+00 -6.373e+00 -1.800e+01 -1.594e+01 -6.963e+00 -2.806e+00
+17.092 +14.110 18.576  1.130 0.500 0.000 1.000 -2.400e+01 -9.255e-01 -6.229e-02 -4.170e+00 -4.672e+00 -1.423e+01 -1.951e+00 -6.382e+00 -1.486e+01 -2.997e+00 -3.028e+00 -6.386e+00 -1.807e+01 -1.601e+01 -6.977e+00 -2.806e+00
+17.120 +14.295 18.588  1.072 0.562 0.000 1.000 -2.400e+01 -9.883e-01 -5.436e-02 -4.166e+00 -4.668e+00 -1.429e+01 -1.947e+00 -6.377e+00 -1.492e+01 -3.003e+00 -3.040e+00 -6.398e+00 -1.814e+01 -1.608e+01 -6.990e+00 -2.806e+00
+17.147 +13.910 18.598  1.008 0.500 0.000 1.000 -2.400e+01 -1.056e+00 -4.715e-02 -4.162e+00 -4.664e+00 -1.435e+01 -1.943e+00 -6.374e+00 -1.498e+01 -3.009e+00 -3.051e+00 -6.409e+00 -1.821e+01 -1.616e+01 -7.001e+00 -2.806e+00
+17.175 +14.386 18.608  0.940 0.500 0.000 1.000 -2.400e+01 -1.128e+00 -4.065e-02 -4.158e+00 -4.660e+00 -1.442e+01 -1.940e+00 -6.370e+00 -1.505e+01 -3.014e+00 -3.060e+00 -6.418e+00 -1.829e+01 -1.624e+01 -7.010e+00 -2.806e+00
+17.202 +13.945 18.616  0.865 0.500 0.000 1.000 -2.400e+01 -1.206e+00 -3.486e-02 -4.155e+00 -4.657e+00 -1.449e+01 -1.936e+00 -6.367e+00 -1.512e+01 -3.017e+00 -3.069e+00 -6.427e+00 -1.837e+01 -1.633e+01 -7.019e+00 -2.806e+00
+17.230 +14.149 18.623  0.785 0.500 0.000 1.000 -2.400e+01 -1.290e+00 -2.976e-02 -4.151e+00 -4.653e+00 -1.457e+01 -1.933e+00 -6.363e+00 -1.520e+01 -3.020e+00 -3.076e+00 -6.434e+00 -1.846e+01 -1.642e+01 -7.026e+00 -2.806e+00
+17.257 +14.113 18.630  0.698 0.500 0.000 1.000 -2.400e+01 -1.379e+00 -2.532e-02 -4.148e+00 -4.650e+00 -1.466e+01 -1.930e+00 -6.360e+00 -1.529e+01 -3.023e+00 -3.082e+00 -6.440e+00 -1.855e+01 -1.651e+01 -7.032e+00 -2.806e+00
+17.285 +14.242 18.635  0.605 0.500 0.000 1.000 -2.400e+01 -1.476e+00 -2.152e-02 -4.145e+00 -4.647e+00 -1.475e+01 -1.927e+00 -6.357e+00 -1.538e+01 -3.025e+00 -3.087e+00 -6.444e+00 -1.865e+01 -1.662e+01 -7.037e+00 -2.806e+00
+17.312 +14.227 18.640  0.505 0.438 0.000 1.000 -2.400e+01 -1.579e+00 -1.830e-02 -4.142e+00 -4.644e+00 -1.485e+01 -1.924e+00 -6.354e+00 -1.548e+01 -3.027e+00 -3.091e+00 -6.449e+00 -1.875e+01 -1.672e+01 -7.042e+00 -2.806e+00
+17.340 +14.294 18.643  0.397 0.438 0.000 1.000 -2.400e+01 -1.690e+00 -1.561e-02 -4.139e+00 -4.641e+00 -1.496e+01 -1.921e+00 -6.352e+00 -1.559e+01 -3.028e+00 -3.094e+00 -6.452e+00 -1.886e+01 -1.684e+01 -7.045e+00 -2.806e+00
+17.367 +11.063 18.646  0.280 0.312 0.000 1.001 -2.400e+01 -1.809e+00 -1.342e-02 -4.137e+00 -4.639e+00 -1.508e+01 -1.919e+00 -6.349e+00 -1.571e+01 -3.029e+00 -3.097e+00 -6.455e+00 -1.898e+01 -1.696e+01 -7.048e+00 -2.806e+00
+17.395 +14.066 18.649  0.155 0.375 0.000 1.001 -2.400e+01 -1.936e+00 -1.166e-02 -4.135e+00 -4.637e+00 -1.520e+01 -1.917e+00 -6.347e+00 -1.583e+01 -3.030e+00 -3.099e+00 -6.457e+00 -1.911e+01 -1.709e+01 -7.050e+00 -2.806e+00
+17.422 +14.655 18.651  0.022 0.438 0.000 1.001 -2.400e+01 -2.072e+00 -1.027e-02 -4.133e+00 -4.634e+00 -1.534e+01 -1.915e+00 -6.345e+00 -1.597e+01 -3.030e+00 -3.101e+00 -6.458e+00 -1.925e+01 -1.723e+01 -7.052e+00 -2.806e+00
+17.450 +14.446 18.652 -0.123 0.438 0.000 1.001 -2.400e+01 -2.218e+00 -9.192e-03 -4.131e+00 -4.632e+00 -1.548e+01 -1.913e+00 -6.343e+00 -1.611e+01 -3.031e+00 -3.102e+00 -6.459e+00 -1.939e+01 -1.737e+01 -7.053e+00 -2.806e+00
+17.477 +14.362 18.653 -0.277 0.375 0.000 1.001 -2.400e+01 -2.374e+00 -8.382e-03 -4.129e+00 -4.630e+00 -1.564e+01 -1.912e+00 -6.342e+00 -1.627e+01 -3.031e+00 -3.103e+00 -6.460e+00 -1.955e+01 -1.753e+01 -7.054e+00 -2.806e+00
+17.505 +14.835 18.654 -0.441 0.438 0.000 1.001 -2.400e+01 -2.541e+00 -7.784e-03 -4.127e+00 -4.628e+00 -1.580e+01 -1.910e+00 -6.339e+00 -1.643e+01 -3.031e+00 -3.104e+00 -6.460e+00 -1.972e+01 -1.770e+01 -7.055e+00 -2.806e+00
+17.532 +14.807 18.655 -0.618 0.375 0.000 1.001 -2.400e+01 -2.720e+00 -7.355e-03 -4.126e+00 -4.626e+00 -1.598e+01 -1.909e+00 -6.338e+00 -1.661e+01 -3.031e+00 -3.104e+00 -6.460e+00 -1.990e+01 -1.788e+01 -7.055e+00 -2.806e+00
+17.560 +15.021 18.655 -0.807 0.375 0.000 1.001 -2.400e+01 -2.911e+00 -7.055e-03 -4.124e+00 -4.624e+00 -1.617e+01 -1.908e+00 -6.336e+00 -1.680e+01 -3.031e+00 -3.104e+00 -6.460e+00 -2.009e+01 -1.807e+01 -7.055e+00 -2.806e+00
+17.587 +15.110 18.656 -1.009 0.375 0.000 1.001 -2.400e+01 -3.115e+00 -6.851e-03 -4.122e+00 -4.622e+00 -1.637e+01 -1.907e+00 -6.335e+00 -1.700e+01 -3.031e+00 -3.105e+00 -6.460e+00 -2.029e+01 -1.827e+01 -7.056e+00 -2.806e+00
+17.615 +14.861 18.656 -1.228 0.375 0.000 1.001 -2.400e+01 -3.334e+00 -6.717e-03 -4.121e+00 -4.618e+00 -1.659e+01 -1.907e+00 -6.335e+00 -1.722e+01 -3.031e+00 -3.105e+00 -6.459e+00 -2.051e+01 -1.849e+01 -7.056e+00 -2.806e+00
+17.642 +15.481 18.656 -1.454 0.375 0.000 1.001 -2.400e+01 -3.569e+00 -6.632e-03 -4.119e+00 -4.615e+00 -1.682e+01 -1.906e+00 -6.330e+00 -1.745e+01 -3.031e+00 -3.105e+00 -6.458e+00 -2.074e+01 -1.872e+01 -7.056e+00 -2.806e+00
+17.670 +14.807 18.656 -1.711 0.375 0.000 1.001 -2.400e+01 -3.821e+00 -6.580e-03 -4.117e+00 -4.612e+00 -1.707e+01 -1.905e+00 -6.333e+00 -1.771e+01 -3.031e+00 -3.105e+00 -6.457e+00 -2.100e+01 -1.898e+01 -7.056e+00 -2.806e+00
+17.697 +15.516 18.656 -1.953 0.375 0.000 1.001 -2.400e+01 -4.091e+00 -6.549e-03 -4.116e+00 -4.627e+00 -1.732e+01 -1.905e+00 -6.336e+00 -1.796e+01 -3.031e+00 -3.105e+00 -6.454e+00 -2.125e+01 -1.923e+01 -7.056e+00 -2.806e+00
+17.725 +15.948 18.656 -2.245 0.375 0.000 1.001 -2.400e+01 -4.381e+00 -6.531e-03 -4.115e+00 -4.626e+00 -1.761e+01 -1.905e+00 -6.336e+00 -1.825e+01 -3.031e+00 -3.105e+00 -6.450e+00 -2.154e+01 -1.952e+01 -7.056e+00 -2.806e+00
+17.752 +15.838 18.656 -2.561 0.375 0.000 1.001 -2.400e+01 -4.693e+00 -6.522e-03 -4.113e+00 -4.626e+00 -1.792e+01 -1.905e+00 -6.336e+00 -1.856e+01 -3.031e+00 -3.105e+00 -6.448e+00 -2.185e+01 -1.984e+01 -7.056e+00 -2.806e+00
+17.780 +15.470 18.656 -2.913 0.375 0.000 1.001 -2.400e+01 -5.031e+00 -6.517e-03 -4.112e+00 -4.626e+00 -1.827e+01 -1.905e+00 -6.336e+00 -1.891e+01 -3.031e+00 -3.105e+00 -6.445e+00 -2.219e+01 -2.018e+01 -7.056e+00 -2.806e+00
+17.807 +15.637 18.656 -3.274 0.312 0.000 1.001 -2.400e+01 -5.397e+00 -6.514e-03 -4.111e+00 -4.626e+00 -1.863e+01 -1.905e+00 -6.336e+00 -1.927e+01 -3.031e+00 -3.105e+00 -6.444e+00 -2.255e+01 -2.055e+01 -7.056e+00 -2.806e+00
+17.835 +16.476 18.656 -3.570 0.375 0.000 1.001 -2.400e+01 -5.788e+00 -6.513e-03 -4.111e+00 -4.626e+00 -1.896e+01 -1.905e+00 -6.336e+00 -1.960e+01 -3.031e+00 -3.105e+00 -6.443e+00 -2.286e+01 -2.087e+01 -7.056e+00 -2.806e+00
+17.862 +16.402 18.656 -4.021 0.312 0.000 1.001 -2.400e+01 -6.244e+00 -6.513e-03 -4.111e+00 -4.626e+00 -1.941e+01 -1.905e+00 -6.336e+00 -2.006e+01 -3.031e+00 -3.105e+00 -6.442e+00 -2.326e+01 -2.133e+01 -7.056e+00 -2.806e+00
+17.890 +16.651 18.656 -4.440 0.312 0.000 1.001 -2.400e+01 -6.721e+00 -6.513e-03 -4.111e+00 -4.626e+00 -1.985e+01 -1.905e+00 -6.336e+00 -2.049e+01 -3.031e+00 -3.105e+00 -6.442e+00 -2.358e+01 -2.176e+01 -7.056e+00 -2.806e+00
+17.917 +16.078 18.656 -5.151 0.312 0.000 1.001 -2.400e+01 -7.297e+00 -6.513e-03 -4.111e+00 -4.626e+00 -2.051e+01 -1.905e+00 -6.336e+00 -2.116e+01 -3.031e+00 -3.105e+00 -6.442e+00 -2.387e+01 -2.242e+01 -7.056e+00 -2.806e+00
+17.945 +16.561 18.656 -5.579 0.312 0.000 1.001 -2.400e+01 -7.817e+00 -6.513e-03 -4.111e+00 -4.626e+00 -2.097e+01 -1.905e+00 -6.336e+00 -2.161e+01 -3.031e+00 -3.105e+00 -6.442e+00 -2.395e+01 -2.286e+01 -7.056e+00 -2.806e+00
+17.972 +16.628 18.656 -6.151 0.312 0.000 1.001 -2.400e+01 -8.414e+00 -6.513e-03 -4.111e+00 -4.626e+00 -2.155e+01 -1.905e+00 -6.336e+00 -2.219e+01 -3.031e+00 -3.105e+00 -6.442e+00 -2.399e+01 -2.336e+01 -7.056e+00 -2.806e+00
+18.000 +16.577 18.656 -6.828 0.312 0.000 1.001 -2.400e+01 -9.071e+00 -6.513e-03 -4.111e+00 -4.626e+00 -2.222e+01 -1.905e+00 -6.336e+00 -2.284e+01 -3.031e+00 -3.105e+00 -6.442e+00 -2.400e+01 -2.376e+01 -7.056e+00 -2.806e+00
