+7.027 +5.985  9.911  2.883 0.312 0.000 1.000 -2.400e+01 -1.496e-01 -5.591e-01 -2.517e+00 -4.436e+00 -1.180e+01 -2.957e+00 -5.360e+00 -1.509e+01 -2.017e+00 -5.305e+00 -4.662e+00 -1.631e+01 -1.751e+01 -1.327e+01 -2.806e+00
+7.055 +6.055  9.938  2.883 0.312 0.000 1.000 -2.400e+01 -1.496e-01 -5.591e-01 -2.517e+00 -4.436e+00 -1.180e+01 -2.957e+00 -5.360e+00 -1.509e+01 -2.017e+00 -5.305e+00 -4.662e+00 -1.631e+01 -1.751e+01 -1.324e+01 -2.806e+00
+7.082 +6.082  9.966  2.883 0.250 0.000 1.000 -2.330e+01 -1.496e-01 -5.591e-01 -2.517e+00 -4.436e+00 -1.180e+01 -2.957e+00 -5.360e+00 -1.509e+01 -2.017e+00 -5.305e+00 -4.662e+00 -1.631e+01 -1.751e+01 -1.321e+01 -2.806e+00
+7.110 +6.110  9.993  2.883 0.250 0.000 1.000   nan -1.496e-01 -5.591e-01 -2.517e+00 -4.436e+00 -1.180e+01 -2.957e+00 -5.360e+00 -1.509e+01 -2.017e+00 -5.305e+00 -4.662e+00 -1.631e+01 -1.751e+01 -1.319e+01 -2.806e+00
+7.137 +6.137 10.021  2.883 0.312 0.000 1.000 -2.400e+01 -1.496e-01 -5.591e-01 -2.517e+00 -4.436e+00 -1.180e+01 -2.957e+00 -5.360e+00 -1.509e+01 -2.017e+00 -5.305e+00 -4.662e+00 -1.631e+01 -1.751e+01 -1.316e+01 -2.806e+00
+7.165 +6.165 10.048  2.883 0.312 0.000 1.000 -2.400e+01 -1.496e-01 -5.591e-01 -2.517e+00 -4.436e+00 -1.180e+01 -2.957e+00 -5.360e+00 -1.509e+01 -2.017e+00 -5.305e+00 -4.662e+00 -1.631e+01 -1.751e+01 -1.313e+01 -2.806e+00
+7.192 +6.192 10.076  2.883 0.250 0.000 1.000 -2.321e+01 -1.496e-01 -5.591e-01 -2.517e+00 -4.436e+00 -1.180e+01 -2.957e+00 -5.360e+00 -1.509e+01 -2.017e+00 -5.305e+00 -4.662e+00 -1.631e+01 -1.751e+01 -1.310e+01 -2.806e+00
+7.220 +6.220 10.103  2.883 0.250 0.000 1.000   nan -1.496e-01 -5.591e-01 -2.517e+00 -4.436e+00 -1.180e+01 -2.957e+00 -5.360e+00 -1.509e+01 -2.017e+00 -5.305e+00 -4.662e+00 -1.631e+01 -1.751e+01 -1.308e+01 -2.806e+00
+7.247 +6.247 10.131  2.883 0.250 0.000 1.000 -2.321e+01 -1.496e-01 -5.591e-01 -2.517e+00 -4.436e+00 -1.180e+01 -2.957e+00 -5.360e+00 -1.509e+01 -2.017e+00 -5.305e+00 -4.662e+00 -1.631e+01 -1.751e+01 -1.305e+01 -2.806e+00
+7.275 +6.275 10.158  2.883 0.250 0.000 1.000   nan -1.496e-01 -5.591e-01 -2.517e+00 -4.436e+00 -1.180e+01 -2.957e+00 -5.360e+00 -1.509e+01 -2.017e+00 -5.305e+00 -4.662e+00 -1.631e+01 -1.751e+01 -1.302e+01 -2.806e+00
+7.302 +6.302 10.186  2.883 0.250 0.000 1.000 -2.321e+01 -1.496e-01 -5.591e-01 -2.517e+00 -4.436e+00 -1.180e+01 -2.957e+00 -5.360e+00 -1.509e+01 -2.017e+00 -5.305e+00 -4.662e+00 -1.631e+01 -1.751e+01 -1.299e+01 -2.806e+00
+7.330 +6.330 10.213  2.883 0.250 0.000 1.000   nan -1.496e-01 -5.591e-01 -2.517e+00 -4.436e+00 -1.180e+01 -2.957e+00 -5.360e+00 -1.509e+01 -2.017e+00 -5.305e+00 -4.662e+00 -1.631e+01 -1.751e+01 -1.297e+01 -2.806e+00
+7.357 +6.357 10.241  2.883 0.250 0.000 1.000 -2.321e+01 -1.496e-01 -5.591e-01 -2.517e+00 -4.436e+00 -1.180e+01 -2.957e+00 -5.360e+00 -1.509e+01 -2.017e+00 -5.305e+00 -4.662e+00 -1.631e+01 -1.751e+01 -1.294e+01 -2.806e+00
+7.385 +6.385 10.268  2.883 0.250 0.000 1.000   nan -1.496e-01 -5.591e-01 -2.517e+00 -4.436e+00 -1.180e+01 -2.957e+00 -5.360e+00 -1.509e+01 -2.017e+00 -5.305e+00 -4.662e+00 -1.631e+01 -1.751e+01 -1.291e+01 -2.806e+00
+7.412 +6.412 10.296  2.883 0.250 0.000 1.000 -2.321e+01 -1.496e-01 -5.591e-01 -2.517e+00 -4.436e+00 -1.180e+01 -2.957e+00 -5.360e+00 -1.509e+01 -2.017e+00 -5.305e+00 -4.662e+00 -1.631e+01 -1.751e+01 -1.288e+01 -2.806e+00
+7.440 +6.440 10.323  2.883 0.250 0.000 1.000   nan -1.496e-01 -5.591e-01 -2.517e+00 -4.436e+00 -1.180e+01 -2.957e+00 -5.360e+00 -1.509e+01 -2.017e+00 -5.305e+00 -4.662e+00 -1.631e+01 -1.751e+01 -1.286e+01 -2.806e+00
+7.467 +6.467 10.351  2.883 0.250 0.000 1.000 -2.321e+01 -1.496e-01 -5.591e-01 -2.517e+00 -4.436e+00 -1.180e+01 -2.957e+00 -5.360e+00 -1.509e+01 -2.017e+00 -5.305e+00 -4.662e+00 -1.631e+01 -1.751e+01 -1.283e+01 -2.806e+00
+7.495 +6.495 10.378  2.883 0.250 0.000 1.000   nan -1.496e-01 -5.591e-01 -2.517e+00 -4.435e+00 -1.180e+01 -2.957e+00 -5.361e+00 -1.509e+01 -2.017e+00 -5.305e+00 -4.662e+00 -1.631e+01 -1.751e+01 -1.280e+01 -2.806e+00
+7.522 +6.522 10.406  2.883 0.250 0.000 1.000 -2.321e+01 -1.496e-01 -5.591e-01 -2.517e+00 -4.435e+00 -1.180e+01 -2.957e+00 -5.361e+00 -1.509e+01 -2.017e+00 -5.305e+00 -4.662e+00 -1.631e+01 -1.751e+01 -1.277e+01 -2.806e+00
+7.550 +6.550 10.433  2.883 0.250 0.000 1.000   nan -1.496e-01 -5.591e-01 -2.517e+00 -4.435e+00 -1.180e+01 -2.957e+00 -5.361e+00 -1.509e+01 -2.017e+00 -5.305e+00 -4.662e+00 -1.631e+01 -1.751e+01 -1.275e+01 -2.806e+00
+7.577 +6.577 10.461  2.883 0.250 0.000 1.000 -2.321e+01 -1.496e-01 -5.591e-01 -2.517e+00 -4.435e+00 -1.180e+01 -2.957e+00 -5.361e+00 -1.509e+01 -2.017e+00 -5.305e+00 -4.662e+00 -1.631e+01 -1.751e+01 -1.272e+01 -2.806e+00
+7.605 +6.605 10.488  2.883 0.250 0.000 1.000   nan -1.496e-01 -5.591e-01 -2.517e+00 -4.435e+00 -1.180e+01 -2.957e+00 -5.361e+00 -1.509e+01 -2.017e+00 -5.305e+00 -4.662e+00 -1.631e+01 -1.751e+01 -1.269e+01 -2.806e+00
+7.632 +6.632 10.516  2.883 0.250 0.000 1.000 -2.321e+01 -1.496e-01 -5.591e-01 -2.517e+00 -4.435e+00 -1.180e+01 -2.957e+00 -5.361e+00 -1.509e+01 -2.017e+00 -5.305e+00 -4.662e+00 -1.631e+01 -1.751e+01 -1.266e+01 -2.806e+00
+7.660 +6.660 10.543  2.883 0.250 0.000 1.000   nan -1.496e-01 -5.591e-01 -2.517e+00 -4.435e+00 -1.180e+01 -2.957e+00 -5.361e+00 -1.509e+01 -2.017e+00 -5.305e+00 -4.662e+00 -1.631e+01 -1.751e+01 -1.264e+01 -2.806e+00
+7.687 +6.687 10.571  2.883 0.250 0.000 1.000 -2.321e+01 -1.496e-01 -5.591e-01 -2.517e+00 -4.435e+00 -1.180e+01 -2.957e+00 -5.361e+00 -1.509e+01 -2.017e+00 -5.305e+00 -4.662e+00 -1.631e+01 -1.751e+01 -1.261e+01 -2.806e+00
+7.715 +6.715 10.598  2.883 0.250 0.000 1.000   nan -1.496e-01 -5.591e-01 -2.517e+00 -4.435e+00 -1.180e+01 -2.957e+00 -5.362e+00 -1.509e+01 -2.017e+00 -5.305e+00 -4.662e+00 -1.631e+01 -1.751e+01 -1.258e+01 -2.806e+00
+7.742 +6.742 10.626  2.883 0.250 0.000 1.000 -2.321e+01 -1.496e-01 -5.591e-01 -2.517e+00 -4.435e+00 -1.180e+01 -2.957e+00 -5.362e+00 -1.509e+01 -2.017e+00 -5.305e+00 -4.662e+00 -1.631e+01 -1.751e+01 -1.255e+01 -2.806e+00
+7.770 +6.770 10.653  2.883 0.250 0.000 1.000   nan -1.496e-01 -5.591e-01 -2.517e+00 -4.435e+00 -1.180e+01 -2.957e+00 -5.362e+00 -1.509e+01 -2.017e+00 -5.305e+00 -4.662e+00 -1.631e+01 -1.751e+01 -1.253e+01 -2.806e+00
+7.797 +6.797 10.680  2.883 0.250 0.000 1.000 -2.321e+01 -1.496e-01 -5.591e-01 -2.517e+00 -4.435e+00 -1.180e+01 -2.957e+00 -5.362e+00 -1.509e+01 -2.017e+00 -5.305e+00 -4.662e+00 -1.631e+01 -1.751e+01 -1.250e+01 -2.806e+00
+7.825 +6.825 10.708  2.883 0.250 0.000 1.000   nan -1.496e-01 -5.591e-01 -2.517e+00 -4.435e+00 -1.180e+01 -2.957e+00 -5.362e+00 -1.509e+01 -2.017e+00 -5.305e+00 -4.662e+00 -1.631e+01 -1.751e+01 -1.247e+01 -2.806e+00
+7.852 +6.852 10.735  2.883 0.250 0.000 1.000 -2.321e+01 -1.496e-01 -5.591e-01 -2.517e+00 -4.435e+00 -1.180e+01 -2.957e+00 -5.362e+00 -1.509e+01 -2.017e+00 -5.305e+00 -4.662e+00 -1.631e+01 -1.751e+01 -1.244e+01 -2.806e+00
+7.880 +6.880 10.763  2.883 0.250 0.000 1.000   nan -1.496e-01 -5.591e-01 -2.517e+00 -4.435e+00 -1.180e+01 -2.957e+00 -5.363e+00 -1.509e+01 -2.017e+00 -5.305e+00 -4.662e+00 -1.631e+01 -1.751e+01 -1.242e+01 -2.806e+00
+7.907 +6.907 10.790  2.883 0.250 0.000 1.000 -2.321e+01 -1.496e-01 -5.591e-01 -2.517e+00 -4.434e+00 -1.180e+01 -2.957e+00 -5.363e+00 -1.509e+01 -2.017e+00 -5.305e+00 -4.662e+00 -1.631e+01 -1.751e+01 -1.239e+01 -2.806e+00
+7.935 +6.935 10.818  2.883 0.250 0.000 1.000   nan -1.496e-01 -5.591e-01 -2.517e+00 -4.434e+00 -1.180e+01 -2.957e+00 -5.363e+00 -1.509e+01 -2.017e+00 -5.305e+00 -4.662e+00 -1.631e+01 -1.751e+01 -1.236e+01 -2.806e+00
+7.962 +6.962 10.845  2.882 0.250 0.000 1.000 -2.321e+01 -1.496e-01 -5.591e-01 -2.517e+00 -4.434e+00 -1.180e+01 -2.957e+00 -5.363e+00 -1.509e+01 -2.017e+00 -5.305e+00 -4.662e+00 -1.631e+01 -1.751e+01 -1.233e+01 -2.806e+00
+7.990 +6.990 10.873  2.882 0.250 0.000 1.000   nan -1.496e-01 -5.591e-01 -2.517e+00 -4.434e+00 -1.180e+01 -2.957e+00 -5.364e+00 -1.509e+01 -2.017e+00 -5.305e+00 -4.662e+00 -1.631e+01 -1.751e+01 -1.231e+01 -2.806e+00
+8.017 +7.017 10.900  2.882 0.250 0.000 1.000 -2.321e+01 -1.496e-01 -5.591e-01 -2.517e+00 -4.434e+00 -1.180e+01 -2.957e+00 -5.364e+00 -1.509e+01 -2.017e+00 -5.305e+00 -4.662e+00 -1.631e+01 -1.751e+01 -1.228e+01 -2.806e+00
+8.045 +7.045 10.928  2.882 0.250 0.000 1.000   nan -1.496e-01 -5.591e-01 -2.517e+00 -4.434e+00 -1.180e+01 -2.957e+00 -5.364e+00 -1.509e+01 -2.017e+00 -5.305e+00 -4.662e+00 -1.631e+01 -1.751e+01 -1.225e+01 -2.806e+00
+8.072 +7.072 10.955  2.882 0.250 0.000 1.000 -2.321e+01 -1.496e-01 -5.591e-01 -2.517e+00 -4.434e+00 -1.180e+01 -2.957e+00 -5.365e+00 -1.509e+01 -2.017e+00 -5.305e+00 -4.662e+00 -1.631e+01 -1.751e+01 -1.222e+01 -2.806e+00
+8.100 +7.100 10.983  2.882 0.250 0.000 1.000   nan -1.496e-01 -5.591e-01 -2.517e+00 -4.433e+00 -1.180e+01 -2.957e+00 -5.365e+00 -1.509e+01 -2.017e+00 -5.305e+00 -4.662e+00 -1.631e+01 -1.751e+01 -1.220e+01 -2.806e+00
+8.127 +7.127 11.010  2.882 0.250 0.000 1.000 -2.321e+01 -1.496e-01 -5.591e-01 -2.517e+00 -4.433e+00 -1.180e+01 -2.957e+00 -5.366e+00 -1.509e+01 -2.017e+00 -5.305e+00 -4.662e+00 -1.631e+01 -1.751e+01 -1.217e+01 -2.806e+00
+8.155 +7.155 11.038  2.882 0.250 0.000 1.000   nan -1.496e-01 -5.591e-01 -2.517e+00 -4.433e+00 -1.180e+01 -2.957e+00 -5.366e+00 -1.509e+01 -2.017e+00 -5.305e+00 -4.662e+00 -1.631e+01 -1.751e+01 -1.214e+01 -2.806e+00
+8.182 +7.182 11.065  2.882 0.250 0.000 1.000 -2.321e+01 -1.496e-01 -5.591e-01 -2.517e+00 -4.433e+00 -1.180e+01 -2.957e+00 -5.366e+00 -1.509e+01 -2.017e+00 -5.305e+00 -4.662e+00 -1.631e+01 -1.751e+01 -1.211e+01 -2.806e+00
+8.210 +7.210 11.093  2.882 0.250 0.000 1.000   nan -1.496e-01 -5.591e-01 -2.517e+00 -4.433e+00 -1.180e+01 -2.957e+00 -5.367e+00 -1.509e+01 -2.017e+00 -5.305e+00 -4.662e+00 -1.631e+01 -1.751e+01 -1.209e+01 -2.806e+00
+8.237 +7.237 11.120  2.882 0.250 0.000 1.000 -2.321e+01 -1.496e-01 -5.591e-01 -2.517e+00 -4.433e+00 -1.180e+01 -2.957e+00 -5.367e+00 -1.509e+01 -2.017e+00 -5.305e+00 -4.662e+00 -1.631e+01 -1.751e+01 -1.206e+01 -2.806e+00
+8.265 +7.265 11.147  2.882 0.250 0.000 1.000   nan -1.496e-01 -5.591e-01 -2.517e+00 -4.432e+00 -1.180e+01 -2.957e+00 -5.368e+00 -1.509e+01 -2.017e+00 -5.305e+00 -4.662e+00 -1.631e+01 -1.751e+01 -1.203e+01 -2.806e+00
+8.292 +7.292 11.175  2.882 0.250 0.000 1.000 -2.321e+01 -1.496e-01 -5.591e-01 -2.517e+00 -4.432e+00 -1.180e+01 -2.957e+00 -5.369e+00 -1.509e+01 -2.017e+00 -5.305e+00 -4.662e+00 -1.631e+01 -1.751e+01 -1.200e+01 -2.806e+00
+8.320 +7.320 11.202  2.881 0.250 0.000 1.000   nan -1.496e-01 -5.591e-01 -2.517e+00 -4.432e+00 -1.180e+01 -2.957e+00 -5.369e+00 -1.509e+01 -2.017e+00 -5.305e+00 -4.662e+00 -1.631e+01 -1.751e+01 -1.198e+01 -2.806e+00
+8.347 +7.347 11.230  2.881 0.250 0.000 1.000 -2.321e+01 -1.496e-01 -5.591e-01 -2.517e+00 -4.431e+00 -1.180e+01 -2.957e+00 -5.370e+00 -1.509e+01 -2.017e+00 -5.305e+00 -4.662e+00 -1.631e+01 -1.751e+01 -1.195e+01 -2.806e+00
+8.375 +7.375 11.257  2.881 0.250 0.000 1.000   nan -1.496e-01 -5.591e-01 -2.517e+00 -4.431e+00 -1.180e+01 -2.957e+00 -5.371e+00 -1.509e+01 -2.017e+00 -5.305e+00 -4.662e+00 -1.631e+01 -1.751e+01 -1.192e+01 -2.806e+00
+8.402 +7.402 11.285  2.881 0.250 0.000 1.000 -2.321e+01 -1.496e-01 -5.591e-01 -2.517e+00 -4.431e+00 -1.180e+01 -2.957e+00 -5.371e+00 -1.509e+01 -2.017e+00 -5.305e+00 -4.662e+00 -1.631e+01 -1.751e+01 -1.189e+01 -2.806e+00
+8.430 +7.430 11.312  2.881 0.250 0.000 1.000   nan -1.496e-01 -5.591e-01 -2.517e+00 -4.431e+00 -1.180e+01 -2.957e+00 -5.372e+00 -1.509e+01 -2.017e+00 -5.305e+00 -4.662e+00 -1.631e+01 -1.751e+01 -1.187e+01 -2.806e+00
+8.457 +7.457 11.339  2.881 0.250 0.000 1.000 -2.321e+01 -1.496e-01 -5.591e-01 -2.517e+00 -4.430e+00 -1.180e+01 -2.957e+00 -5.373e+00 -1.509e+01 -2.017e+00 -5.305e+00 -4.662e+00 -1.631e+01 -1.751e+01 -1.184e+01 -2.806e+00
+8.485 +7.485 11.367  2.881 0.250 0.000 1.000   nan -1.496e-01 -5.591e-01 -2.517e+00 -4.430e+00 -1.180e+01 -2.957e+00 -5.374e+00 -1.509e+01 -2.017e+00 -5.305e+00 -4.662e+00 -1.631e+01 -1.751e+01 -1.181e+01 -2.806e+00
+8.512 +7.512 11.394  2.880 0.250 0.000 1.000 -2.321e+01 -1.496e-01 -5.591e-01 -2.517e+00 -4.429e+00 -1.180e+01 -2.957e+00 -5.375e+00 -1.509e+01 -2.017e+00 -5.305e+00 -4.662e+00 -1.631e+01 -1.751e+01 -1.178e+01 -2.806e+00
+8.540 +7.540 11.422  2.880 0.250 0.000 1.000   nan -1.496e-01 -5.591e-01 -2.517e+00 -4.429e+00 -1.180e+01 -2.957e+00 -5.376e+00 -1.509e+01 -2.017e+00 -5.305e+00 -4.662e+00 -1.631e+01 -1.751e+01 -1.176e+01 -2.806e+00
+8.567 +7.567 11.449  2.880 0.250 0.000 1.000 -2.321e+01 -1.496e-01 -5.591e-01 -2.517e+00 -4.428e+00 -1.180e+01 -2.957e+00 -5.377e+00 -1.509e+01 -2.017e+00 -5.305e+00 -4.662e+00 -1.631e+01 -1.751e+01 -1.173e+01 -2.806e+00
+8.595 +7.595 11.477  2.880 0.250 0.000 1.000   nan -1.496e-01 -5.591e-01 -2.517e+00 -4.428e+00 -1.180e+01 -2.957e+00 -5.378e+00 -1.509e+01 -2.017e+00 -5.305e+00 -4.662e+00 -1.631e+01 -1.751e+01 -1.170e+01 -2.806e+00
+8.622 +7.622 11.504  2.880 0.250 0.000 1.000 -2.321e+01 -1.496e-01 -5.591e-01 -2.517e+00 -4.427e+00 -1.180e+01 -2.957e+00 -5.379e+00 -1.509e+01 -2.017e+00 -5.305e+00 -4.662e+00 -1.631e+01 -1.751e+01 -1.167e+01 -2.806e+00
+8.650 +7.650 11.531  2.879 0.250 0.000 1.000   nan -1.496e-01 -5.591e-01 -2.517e+00 -4.427e+00 -1.180e+01 -2.957e+00 -5.381e+00 -1.509e+01 -2.017e+00 -5.305e+00 -4.662e+00 -1.631e+01 -1.751e+01 -1.165e+01 -2.806e+00
+8.677 +7.677 11.559  2.879 0.250 0.000 1.000 -2.321e+01 -1.496e-01 -5.591e-01 -2.517e+00 -4.426e+00 -1.180e+01 -2.957e+00 -5.382e+00 -1.509e+01 -2.017e+00 -5.305e+00 -4.662e+00 -1.631e+01 -1.751e+01 -1.162e+01 -2.806e+00
+8.705 +7.705 11.586  2.879 0.250 0.000 1.000   nan -1.496e-01 -5.591e-01 -2.517e+00 -4.426e+00 -1.180e+01 -2.957e+00 -5.384e+00 -1.509e+01 -2.017e+00 -5.305e+00 -4.662e+00 -1.631e+01 -1.751e+01 -1.159e+01 -2.806e+00
+8.732 +7.732 11.613  2.879 0.250 0.000 1.000 -2.321e+01 -1.496e-01 -5.591e-01 -2.517e+00 -4.425e+00 -1.180e+01 -2.957e+00 -5.385e+00 -1.509e+01 -2.017e+00 -5.305e+00 -4.662e+00 -1.631e+01 -1.751e+01 -1.156e+01 -2.806e+00
+8.760 +7.760 11.641  2.878 0.250 0.000 1.000   nan -1.496e-01 -5.591e-01 -2.517e+00 -4.424e+00 -1.180e+01 -2.957e+00 -5.387e+00 -1.509e+01 -2.017e+00 -5.305e+00 -4.662e+00 -1.631e+01 -1.751e+01 -1.154e+01 -2.806e+00
+8.787 +7.787 11.668  2.878 0.250 0.000 1.000 -2.321e+01 -1.496e-01 -5.591e-01 -2.517e+00 -4.423e+00 -1.180e+01 -2.957e+00 -5.389e+00 -1.509e+01 -2.017e+00 -5.305e+00 -4.662e+00 -1.631e+01 -1.751e+01 -1.151e+01 -2.806e+00
+8.815 +7.815 11.695  2.878 0.250 0.000 1.000   nan -1.496e-01 -5.591e-01 -2.517e+00 -4.423e+00 -1.180e+01 -2.957e+00 -5.391e+00 -1.509e+01 -2.017e+00 -5.305e+00 -4.662e+00 -1.631e+01 -1.751e+01 -1.148e+01 -2.806e+00
+8.842 +7.842 11.723  2.877 0.250 0.000 1.000 -2.321e+01 -1.496e-01 -5.591e-01 -2.517e+00 -4.422e+00 -1.180e+01 -2.957e+00 -5.393e+00 -1.509e+01 -2.017e+00 -5.305e+00 -4.662e+00 -1.631e+01 -1.751e+01 -1.145e+01 -2.806e+00
+8.870 +7.870 11.750  2.877 0.250 0.000 1.000   nan -1.496e-01 -5.591e-01 -2.517e+00 -4.421e+00 -1.180e+01 -2.957e+00 -5.395e+00 -1.509e+01 -2.017e+00 -5.305e+00 -4.662e+00 -1.631e+01 -1.751e+01 -1.143e+01 -2.806e+00
+8.897 +7.897 11.777  2.877 0.250 0.000 1.000 -2.321e+01 -1.496e-01 -5.591e-01 -2.517e+00 -4.420e+00 -1.180e+01 -2.957e+00 -5.397e+00 -1.509e+01 -2.017e+00 -5.305e+00 -4.662e+00 -1.631e+01 -1.751e+01 -1.140e+01 -2.806e+00
+8.925 +7.925 11.805  2.876 0.250 0.000 1.000   nan -1.496e-01 -5.591e-01 -2.517e+00 -4.419e+00 -1.180e+01 -2.957e+00 -5.400e+00 -1.509e+01 -2.017e+00 -5.305e+00 -4.662e+00 -1.631e+01 -1.751e+01 -1.137e+01 -2.806e+00
+8.952 +7.952 11.832  2.876 0.250 0.000 1.000 -2.321e+01 -1.496e-01 -5.591e-01 -2.517e+00 -4.418e+00 -1.180e+01 -2.957e+00 -5.403e+00 -1.509e+01 -2.017e+00 -5.305e+00 -4.662e+00 -1.631e+01 -1.751e+01 -1.134e+01 -2.806e+00
+8.980 +7.980 11.859  2.875 0.250 0.000 1.000   nan -1.496e-01 -5.591e-01 -2.517e+00 -4.417e+00 -1.180e+01 -2.957e+00 -5.405e+00 -1.509e+01 -2.017e+00 -5.305e+00 -4.662e+00 -1.631e+01 -1.751e+01 -1.132e+01 -2.806e+00
+9.007 +8.007 11.886  2.875 0.250 0.000 1.000 -2.321e+01 -1.496e-01 -5.591e-01 -2.517e+00 -4.415e+00 -1.180e+01 -2.957e+00 -5.408e+00 -1.509e+01 -2.017e+00 -5.305e+00 -4.662e+00 -1.631e+01 -1.751e+01 -1.129e+01 -2.806e+00
+9.035 +8.035 11.914  2.874 0.250 0.000 1.000   nan -1.496e-01 -5.591e-01 -2.517e+00 -4.414e+00 -1.180e+01 -2.957e+00 -5.412e+00 -1.509e+01 -2.017e+00 -5.305e+00 -4.662e+00 -1.631e+01 -1.751e+01 -1.126e+01 -2.806e+00
+9.062 +8.062 11.941  2.874 0.250 0.000 1.000 -2.321e+01 -1.496e-01 -5.591e-01 -2.517e+00 -4.413e+00 -1.180e+01 -2.957e+00 -5.415e+00 -1.509e+01 -2.017e+00 -5.305e+00 -4.662e+00 -1.631e+01 -1.751e+01 -1.123e+01 -2.806e+00
+9.090 +8.090 11.968  2.873 0.250 0.000 1.000   nan -1.496e-01 -5.591e-01 -2.517e+00 -4.411e+00 -1.180e+01 -2.957e+00 -5.419e+00 -1.509e+01 -2.017e+00 -5.305e+00 -4.662e+00 -1.631e+01 -1.751e+01 -1.121e+01 -2.806e+00
+9.117 +8.117 11.995  2.873 0.250 0.000 1.000 -2.321e+01 -1.496e-01 -5.591e-01 -2.517e+00 -4.410e+00 -1.180e+01 -2.957e+00 -5.423e+00 -1.509e+01 -2.017e+00 -5.305e+00 -4.662e+00 -1.631e+01 -1.751e+01 -1.118e+01 -2.806e+00
+9.145 +8.145 12.022  2.872 0.250 0.000 1.000   nan -1.496e-01 -5.591e-01 -2.517e+00 -4.408e+00 -1.180e+01 -2.957e+00 -5.427e+00 -1.509e+01 -2.017e+00 -5.305e+00 -4.662e+00 -1.631e+01 -1.751e+01 -1.115e+01 -2.806e+00
+9.172 +8.172 12.049  2.871 0.250 0.000 1.000 -2.321e+01 -1.496e-01 -5.591e-01 -2.517e+00 -4.406e+00 -1.180e+01 -2.957e+00 -5.431e+00 -1.509e+01 -2.017e+00 -5.305e+00 -4.662e+00 -1.631e+01 -1.751e+01 -1.112e+01 -2.806e+00
+9.200 +8.200 12.077  2.871 0.250 0.000 1.000   nan -1.496e-01 -5.591e-01 -2.517e+00 -4.404e+00 -1.180e+01 -2.957e+00 -5.436e+00 -1.509e+01 -2.017e+00 -5.305e+00 -4.662e+00 -1.631e+01 -1.751e+01 -1.110e+01 -2.806e+00
+9.227 +8.227 12.104  2.870 0.250 0.000 1.000 -2.321e+01 -1.496e-01 -5.591e-01 -2.517e+00 -4.402e+00 -1.180e+01 -2.957e+00 -5.441e+00 -1.509e+01 -2.017e+00 -5.305e+00 -4.662e+00 -1.631e+01 -1.751e+01 -1.107e+01 -2.806e+00
+9.255 +8.255 12.131  2.869 0.250 0.000 1.000   nan -1.496e-01 -5.591e-01 -2.517e+00 -4.400e+00 -1.180e+01 -2.957e+00 -5.446e+00 -1.509e+01 -2.017e+00 -5.305e+00 -4.662e+00 -1.631e+01 -1.751e+01 -1.104e+01 -2.806e+00
+9.282 +8.282 12.158  2.868 0.250 0.000 1.000 -2.321e+01 -1.496e-01 -5.591e-01 -2.517e+00 -4.398e+00 -1.180e+01 -2.957e+00 -5.452e+00 -1.509e+01 -2.017e+00 -5.305e+00 -4.662e+00 -1.631e+01 -1.751e+01 -1.101e+01 -2.806e+00
+9.310 +8.310 12.185  2.867 0.250 0.000 1.000   nan -1.496e-01 -5.591e-01 -2.517e+00 -4.395e+00 -1.180e+01 -2.957e+00 -5.458e+00 -1.509e+01 -2.017e+00 -5.305e+00 -4.662e+00 -1.631e+01 -1.751e+01 -1.099e+01 -2.806e+00
+9.337 +8.337 12.212  2.866 0.250 0.000 1.000 -2.321e+01 -1.496e-01 -5.591e-01 -2.517e+00 -4.393e+00 -1.180e+01 -2.957e+00 -5.465e+00 -1.509e+01 -2.017e+00 -5.305e+00 -4.662e+00 -1.631e+01 -1.751e+01 -1.096e+01 -2.806e+00
+9.365 +8.365 12.239  2.865 0.250 0.000 1.000   nan -1.496e-01 -5.591e-01 -2.517e+00 -4.390e+00 -1.180e+01 -2.957e+00 -5.472e+00 -1.509e+01 -2.017e+00 -5.305e+00 -4.662e+00 -1.631e+01 -1.751e+01 -1.093e+01 -2.806e+00
+9.392 +8.392 12.266  2.864 0.250 0.000 1.000 -2.321e+01 -1.496e-01 -5.591e-01 -2.517e+00 -4.387e+00 -1.180e+01 -2.957e+00 -5.479e+00 -1.509e+01 -2.017e+00 -5.305e+00 -4.662e+00 -1.631e+01 -1.751e+01 -1.090e+01 -2.806e+00
+9.420 +8.420 12.293  2.863 0.250 0.000 1.000   nan -1.496e-01 -5.591e-01 -2.517e+00 -4.384e+00 -1.180e+01 -2.957e+00 -5.487e+00 -1.509e+01 -2.017e+00 -5.305e+00 -4.662e+00 -1.631e+01 -1.751e+01 -1.088e+01 -2.806e+00
+9.447 +8.447 12.319  2.862 0.250 0.000 1.000 -2.321e+01 -1.496e-01 -5.591e-01 -2.518e+00 -4.381e+00 -1.180e+01 -2.957e+00 -5.495e+00 -1.509e+01 -2.017e+00 -5.305e+00 -4.662e+00 -1.631e+01 -1.751e+01 -1.085e+01 -2.806e+00
+9.475 +8.475 12.346  2.861 0.250 0.000 1.000   nan -1.496e-01 -5.591e-01 -2.518e+00 -4.378e+00 -1.180e+01 -2.957e+00 -5.504e+00 -1.509e+01 -2.017e+00 -5.305e+00 -4.662e+00 -1.631e+01 -1.751e+01 -1.082e+01 -2.806e+00
+9.502 +8.502 12.373  2.860 0.250 0.000 1.000 -2.321e+01 -1.496e-01 -5.591e-01 -2.518e+00 -4.374e+00 -1.180e+01 -2.957e+00 -5.514e+00 -1.509e+01 -2.017e+00 -5.304e+00 -4.662e+00 -1.631e+01 -1.751e+01 -1.079e+01 -2.806e+00
+9.530 +8.530 12.400  2.858 0.250 0.000 1.000   nan -1.496e-01 -5.591e-01 -2.518e+00 -4.371e+00 -1.180e+01 -2.957e+00 -5.524e+00 -1.509e+01 -2.017e+00 -5.304e+00 -4.662e+00 -1.631e+01 -1.751e+01 -1.077e+01 -2.806e+00
+9.557 +8.557 12.427  2.857 0.250 0.000 1.000 -2.321e+01 -1.496e-01 -5.591e-01 -2.518e+00 -4.367e+00 -1.180e+01 -2.957e+00 -5.534e+00 -1.509e+01 -2.017e+00 -5.304e+00 -4.662e+00 -1.631e+01 -1.751e+01 -1.074e+01 -2.806e+00
+9.585 +8.585 12.453  2.856 0.250 0.000 1.000   nan -1.496e-01 -5.591e-01 -2.518e+00 -4.363e+00 -1.180e+01 -2.957e+00 -5.546e+00 -1.509e+01 -2.017e+00 -5.304e+00 -4.662e+00 -1.631e+01 -1.751e+01 -1.071e+01 -2.806e+00
+9.612 +8.612 12.480  2.854 0.250 0.000 1.000 -2.321e+01 -1.496e-01 -5.591e-01 -2.518e+00 -4.358e+00 -1.180e+01 -2.957e+00 -5.558e+00 -1.509e+01 -2.017e+00 -5.304e+00 -4.662e+00 -1.631e+01 -1.751e+01 -1.068e+01 -2.806e+00
+9.640 +8.640 12.506  2.853 0.250 0.000 1.000   nan -1.496e-01 -5.591e-01 -2.518e+00 -4.354e+00 -1.180e+01 -2.957e+00 -5.571e+00 -1.509e+01 -2.017e+00 -5.304e+00 -4.662e+00 -1.631e+01 -1.751e+01 -1.066e+01 -2.806e+00
+9.667 +8.667 12.533  2.851 0.250 0.000 1.000 -2.321e+01 -1.496e-01 -5.591e-01 -2.518e+00 -4.349e+00 -1.180e+01 -2.957e+00 -5.585e+00 -1.509e+01 -2.017e+00 -5.304e+00 -4.662e+00 -1.631e+01 -1.751e+01 -1.063e+01 -2.806e+00
+9.695 +8.695 12.560  2.850 0.250 0.000 1.000   nan -1.496e-01 -5.591e-01 -2.518e+00 -4.344e+00 -1.180e+01 -2.957e+00 -5.600e+00 -1.509e+01 -2.017e+00 -5.304e+00 -4.662e+00 -1.631e+01 -1.751e+01 -1.060e+01 -2.806e+00
+9.722 +8.722 12.586  2.848 0.250 0.000 1.000 -2.321e+01 -1.496e-01 -5.591e-01 -2.518e+00 -4.338e+00 -1.180e+01 -2.957e+00 -5.615e+00 -1.509e+01 -2.017e+00 -5.304e+00 -4.662e+00 -1.631e+01 -1.751e+01 -1.057e+01 -2.806e+00
+9.750 +8.750 12.613  2.846 0.250 0.000 1.000   nan -1.496e-01 -5.591e-01 -2.518e+00 -4.332e+00 -1.180e+01 -2.957e+00 -5.632e+00 -1.509e+01 -2.017e+00 -5.304e+00 -4.662e+00 -1.631e+01 -1.751e+01 -1.055e+01 -2.806e+00
+9.777 +8.777 12.639  2.844 0.250 0.000 1.000 -2.321e+01 -1.496e-01 -5.591e-01 -2.518e+00 -4.327e+00 -1.180e+01 -2.957e+00 -5.650e+00 -1.509e+01 -2.017e+00 -5.304e+00 -4.662e+00 -1.631e+01 -1.751e+01 -1.052e+01 -2.806e+00
+9.805 +8.805 12.665  2.843 0.250 0.000 1.000   nan -1.496e-01 -5.591e-01 -2.518e+00 -4.320e+00 -1.180e+01 -2.957e+00 -5.669e+00 -1.509e+01 -2.017e+00 -5.304e+00 -4.662e+00 -1.631e+01 -1.751e+01 -1.049e+01 -2.806e+00
+9.832 +8.832 12.692  2.841 0.250 0.000 1.000 -2.321e+01 -1.496e-01 -5.591e-01 -2.518e+00 -4.314e+00 -1.180e+01 -2.957e+00 -5.689e+00 -1.509e+01 -2.017e+00 -5.304e+00 -4.662e+00 -1.631e+01 -1.751e+01 -1.046e+01 -2.806e+00
+9.860 +8.860 12.718  2.839 0.250 0.000 1.000   nan -1.496e-01 -5.591e-01 -2.518e+00 -4.307e+00 -1.180e+01 -2.957e+00 -5.711e+00 -1.509e+01 -2.017e+00 -5.304e+00 -4.662e+00 -1.631e+01 -1.751e+01 -1.044e+01 -2.806e+00
+9.887 +8.887 12.744  2.837 0.250 0.000 1.000 -2.321e+01 -1.496e-01 -5.591e-01 -2.519e+00 -4.300e+00 -1.180e+01 -2.957e+00 -5.733e+00 -1.509e+01 -2.017e+00 -5.304e+00 -4.663e+00 -1.631e+01 -1.751e+01 -1.041e+01 -2.806e+00
+9.915 +8.915 12.770  2.836 0.250 0.000 1.000   nan -1.496e-01 -5.591e-01 -2.519e+00 -4.292e+00 -1.180e+01 -2.957e+00 -5.758e+00 -1.509e+01 -2.017e+00 -5.304e+00 -4.663e+00 -1.631e+01 -1.751e+01 -1.038e+01 -2.806e+00
+9.942 +8.942 12.797  2.834 0.250 0.000 1.000 -2.321e+01 -1.496e-01 -5.591e-01 -2.519e+00 -4.284e+00 -1.180e+01 -2.957e+00 -5.784e+00 -1.509e+01 -2.017e+00 -5.304e+00 -4.663e+00 -1.631e+01 -1.751e+01 -1.035e+01 -2.806e+00
+9.970 +8.970 12.823  2.832 0.250 0.000 1.000   nan -1.496e-01 -5.591e-01 -2.519e+00 -4.276e+00 -1.180e+01 -2.957e+00 -5.811e+00 -1.509e+01 -2.017e+00 -5.304e+00 -4.663e+00 -1.631e+01 -1.751e+01 -1.033e+01 -2.806e+00
+9.997 +8.997 12.849  2.830 0.250 0.000 1.000 -2.321e+01 -1.496e-01 -5.591e-01 -2.519e+00 -4.268e+00 -1.180e+01 -2.957e+00 -5.841e+00 -1.509e+01 -2.017e+00 -5.304e+00 -4.663e+00 -1.631e+01 -1.751e+01 -1.030e+01 -2.806e+00
+10.025 +9.025 12.875  2.829 0.250 0.000 1.000   nan -1.496e-01 -5.591e-01 -2.519e+00 -4.259e+00 -1.180e+01 -2.957e+00 -5.872e+00 -1.509e+01 -2.017e+00 -5.304e+00 -4.663e+00 -1.631e+01 -1.751e+01 -1.027e+01 -2.806e+00
+10.052 +9.052 12.901  2.827 0.250 0.000 1.000 -2.321e+01 -1.496e-01 -5.591e-01 -2.519e+00 -4.249e+00 -1.180e+01 -2.957e+00 -5.905e+00 -1.509e+01 -2.017e+00 -5.304e+00 -4.663e+00 -1.631e+01 -1.751e+01 -1.024e+01 -2.806e+00
+10.080 +9.080 12.927  2.825 0.250 0.000 1.000   nan -1.496e-01 -5.591e-01 -2.520e+00 -4.240e+00 -1.180e+01 -2.957e+00 -5.940e+00 -1.509e+01 -2.017e+00 -5.304e+00 -4.663e+00 -1.631e+01 -1.751e+01 -1.022e+01 -2.806e+00
+10.107 +9.107 12.953  2.824 0.250 0.000 1.000 -2.321e+01 -1.496e-01 -5.591e-01 -2.520e+00 -4.230e+00 -1.180e+01 -2.957e+00 -5.977e+00 -1.509e+01 -2.017e+00 -5.304e+00 -4.663e+00 -1.631e+01 -1.751e+01 -1.019e+01 -2.806e+00
+10.135 +9.135 12.979  2.822 0.250 0.000 1.000   nan -1.496e-01 -5.591e-01 -2.520e+00 -4.219e+00 -1.180e+01 -2.957e+00 -6.017e+00 -1.509e+01 -2.017e+00 -5.304e+00 -4.663e+00 -1.631e+01 -1.751e+01 -1.016e+01 -2.806e+00
+10.162 +9.162 13.006  2.821 0.250 0.000 1.000 -2.321e+01 -1.496e-01 -5.591e-01 -2.520e+00 -4.208e+00 -1.180e+01 -2.956e+00 -6.059e+00 -1.509e+01 -2.017e+00 -5.304e+00 -4.663e+00 -1.631e+01 -1.751e+01 -1.013e+01 -2.806e+00
+10.190 +9.190 13.032  2.820 0.250 0.000 1.000   nan -1.496e-01 -5.591e-01 -2.520e+00 -4.197e+00 -1.180e+01 -2.956e+00 -6.103e+00 -1.509e+01 -2.017e+00 -5.304e+00 -4.663e+00 -1.631e+01 -1.751e+01 -1.011e+01 -2.806e+00
+10.217 +9.217 13.058  2.819 0.250 0.000 1.000 -2.321e+01 -1.496e-01 -5.591e-01 -2.521e+00 -4.186e+00 -1.180e+01 -2.956e+00 -6.150e+00 -1.509e+01 -2.017e+00 -5.304e+00 -4.663e+00 -1.631e+01 -1.751e+01 -1.008e+01 -2.806e+00
+10.245 +9.245 13.084  2.818 0.250 0.000 1.000   nan -1.496e-01 -5.591e-01 -2.521e+00 -4.174e+00 -1.180e+01 -2.956e+00 -6.200e+00 -1.509e+01 -2.017e+00 -5.304e+00 -4.663e+00 -1.631e+01 -1.751e+01 -1.005e+01 -2.806e+00
+10.272 +9.272 13.110  2.817 0.250 0.000 1.000 -2.321e+01 -1.496e-01 -5.591e-01 -2.521e+00 -4.161e+00 -1.180e+01 -2.956e+00 -6.252e+00 -1.509e+01 -2.017e+00 -5.304e+00 -4.663e+00 -1.631e+01 -1.751e+01 -1.002e+01 -2.806e+00
+10.300 +9.300 13.136  2.817 0.250 0.000 1.000   nan -1.496e-01 -5.591e-01 -2.521e+00 -4.148e+00 -1.180e+01 -2.956e+00 -6.307e+00 -1.509e+01 -2.017e+00 -5.304e+00 -4.663e+00 -1.631e+01 -1.751e+01 -9.996e+00 -2.806e+00
+10.327 +9.327 13.163  2.816 0.250 0.000 1.000 -2.321e+01 -1.496e-01 -5.591e-01 -2.522e+00 -4.135e+00 -1.180e+01 -2.956e+00 -6.364e+00 -1.509e+01 -2.017e+00 -5.304e+00 -4.663e+00 -1.631e+01 -1.751e+01 -9.968e+00 -2.806e+00
+10.355 +9.355 13.189  2.816 0.250 0.000 1.000   nan -1.496e-01 -5.591e-01 -2.522e+00 -4.122e+00 -1.181e+01 -2.956e+00 -6.424e+00 -1.509e+01 -2.017e+00 -5.304e+00 -4.663e+00 -1.631e+01 -1.751e+01 -9.941e+00 -2.806e+00
+10.382 +9.382 13.216  2.816 0.250 0.000 1.000 -2.321e+01 -1.496e-01 -5.591e-01 -2.522e+00 -4.108e+00 -1.181e+01 -2.956e+00 -6.486e+00 -1.509e+01 -2.017e+00 -5.304e+00 -4.664e+00 -1.631e+01 -1.751e+01 -9.913e+00 -2.806e+00
+10.410 +9.410 13.242  2.817 0.250 0.000 1.000   nan -1.496e-01 -5.591e-01 -2.523e+00 -4.093e+00 -1.181e+01 -2.956e+00 -6.550e+00 -1.509e+01 -2.017e+00 -5.303e+00 -4.664e+00 -1.631e+01 -1.751e+01 -9.886e+00 -2.806e+00
+10.437 +9.437 13.269  2.817 0.250 0.000 1.000 -2.321e+01 -1.496e-01 -5.591e-01 -2.523e+00 -4.078e+00 -1.181e+01 -2.956e+00 -6.616e+00 -1.509e+01 -2.017e+00 -5.303e+00 -4.664e+00 -1.631e+01 -1.751e+01 -9.859e+00 -2.806e+00
+10.465 +9.465 13.295  2.818 0.250 0.000 1.000   nan -1.496e-01 -5.591e-01 -2.524e+00 -4.063e+00 -1.181e+01 -2.956e+00 -6.682e+00 -1.509e+01 -2.017e+00 -5.303e+00 -4.664e+00 -1.631e+01 -1.751e+01 -9.831e+00 -2.806e+00
+10.492 +9.492 13.322  2.819 0.250 0.000 1.000 -2.321e+01 -1.496e-01 -5.591e-01 -2.524e+00 -4.048e+00 -1.181e+01 -2.955e+00 -6.748e+00 -1.509e+01 -2.017e+00 -5.303e+00 -4.664e+00 -1.631e+01 -1.751e+01 -9.804e+00 -2.806e+00
+10.520 +9.520 13.349  2.820 0.250 0.000 1.000   nan -1.496e-01 -5.591e-01 -2.524e+00 -4.032e+00 -1.181e+01 -2.955e+00 -6.813e+00 -1.509e+01 -2.017e+00 -5.303e+00 -4.664e+00 -1.631e+01 -1.751e+01 -9.776e+00 -2.806e+00
+10.547 +9.547 13.376  2.821 0.250 0.000 1.000 -2.321e+01 -1.496e-01 -5.591e-01 -2.525e+00 -4.016e+00 -1.181e+01 -2.955e+00 -6.875e+00 -1.509e+01 -2.017e+00 -5.303e+00 -4.664e+00 -1.631e+01 -1.751e+01 -9.749e+00 -2.806e+00
+10.575 +9.575 13.403  2.823 0.250 0.000 1.000   nan -1.496e-01 -5.591e-01 -2.526e+00 -3.999e+00 -1.181e+01 -2.955e+00 -6.933e+00 -1.509e+01 -2.017e+00 -5.303e+00 -4.664e+00 -1.631e+01 -1.751e+01 -9.721e+00 -2.806e+00
+10.602 +9.602 13.431  2.825 0.250 0.000 1.000 -2.322e+01 -1.496e-01 -5.591e-01 -2.526e+00 -3.983e+00 -1.181e+01 -2.955e+00 -6.986e+00 -1.509e+01 -2.017e+00 -5.303e+00 -4.665e+00 -1.631e+01 -1.751e+01 -9.694e+00 -2.806e+00
+10.630 +9.630 13.458  2.827 0.250 0.000 1.000   nan -1.496e-01 -5.591e-01 -2.527e+00 -3.966e+00 -1.181e+01 -2.955e+00 -7.033e+00 -1.509e+01 -2.017e+00 -5.303e+00 -4.665e+00 -1.631e+01 -1.751e+01 -9.667e+00 -2.806e+00
+10.657 +9.657 13.486  2.829 0.250 0.000 1.000 -2.322e+01 -1.496e-01 -5.591e-01 -2.527e+00 -3.948e+00 -1.181e+01 -2.954e+00 -7.072e+00 -1.509e+01 -2.017e+00 -5.303e+00 -4.665e+00 -1.631e+01 -1.751e+01 -9.639e+00 -2.806e+00
+10.685 +9.685 13.513  2.831 0.250 0.000 1.000   nan -1.496e-01 -5.591e-01 -2.528e+00 -3.930e+00 -1.181e+01 -2.954e+00 -7.105e+00 -1.509e+01 -2.017e+00 -5.302e+00 -4.665e+00 -1.631e+01 -1.751e+01 -9.612e+00 -2.806e+00
+10.712 +9.712 13.541  2.834 0.250 0.000 1.000 -2.322e+01 -1.496e-01 -5.591e-01 -2.529e+00 -3.913e+00 -1.181e+01 -2.954e+00 -7.130e+00 -1.508e+01 -2.017e+00 -5.302e+00 -4.665e+00 -1.631e+01 -1.751e+01 -9.584e+00 -2.806e+00
+10.740 +9.740 13.569  2.836 0.250 0.000 1.000   nan -1.496e-01 -5.591e-01 -2.530e+00 -3.894e+00 -1.181e+01 -2.953e+00 -7.149e+00 -1.508e+01 -2.017e+00 -5.302e+00 -4.666e+00 -1.631e+01 -1.751e+01 -9.557e+00 -2.806e+00
+10.767 +9.767 13.597  2.839 0.250 0.000 1.000 -2.322e+01 -1.496e-01 -5.591e-01 -2.531e+00 -3.876e+00 -1.181e+01 -2.953e+00 -7.162e+00 -1.508e+01 -2.017e+00 -5.302e+00 -4.666e+00 -1.631e+01 -1.751e+01 -9.530e+00 -2.806e+00
+10.795 +9.795 13.625  2.842 0.250 0.000 1.000   nan -1.496e-01 -5.591e-01 -2.532e+00 -3.857e+00 -1.181e+01 -2.953e+00 -7.171e+00 -1.508e+01 -2.017e+00 -5.302e+00 -4.666e+00 -1.631e+01 -1.750e+01 -9.502e+00 -2.806e+00
+10.822 +9.822 13.654  2.845 0.250 0.000 1.000 -2.322e+01 -1.496e-01 -5.591e-01 -2.533e+00 -3.838e+00 -1.182e+01 -2.952e+00 -7.177e+00 -1.508e+01 -2.017e+00 -5.302e+00 -4.666e+00 -1.631e+01 -1.750e+01 -9.475e+00 -2.806e+00
+10.850 +9.850 13.683  2.849 0.250 0.000 1.000   nan -1.496e-01 -5.591e-01 -2.534e+00 -3.820e+00 -1.182e+01 -2.952e+00 -7.181e+00 -1.508e+01 -2.017e+00 -5.301e+00 -4.667e+00 -1.631e+01 -1.750e+01 -9.448e+00 -2.806e+00
+10.877 +9.877 13.711  2.852 0.250 0.000 1.000 -2.322e+01 -1.496e-01 -5.591e-01 -2.535e+00 -3.800e+00 -1.182e+01 -2.951e+00 -7.183e+00 -1.508e+01 -2.017e+00 -5.301e+00 -4.667e+00 -1.631e+01 -1.750e+01 -9.420e+00 -2.806e+00
+10.905 +9.905 13.740  2.856 0.250 0.000 1.000   nan -1.496e-01 -5.591e-01 -2.536e+00 -3.781e+00 -1.182e+01 -2.951e+00 -7.184e+00 -1.508e+01 -2.017e+00 -5.301e+00 -4.667e+00 -1.631e+01 -1.750e+01 -9.393e+00 -2.806e+00
+10.932 +9.932 13.769  2.860 0.250 0.000 1.000 -2.322e+01 -1.496e-01 -5.591e-01 -2.537e+00 -3.762e+00 -1.182e+01 -2.950e+00 -7.185e+00 -1.508e+01 -2.017e+00 -5.301e+00 -4.668e+00 -1.631e+01 -1.750e+01 -9.365e+00 -2.806e+00
+10.960 +9.960 13.798  2.864 0.250 0.000 1.000   nan -1.496e-01 -5.591e-01 -2.538e+00 -3.742e+00 -1.182e+01 -2.949e+00 -7.185e+00 -1.508e+01 -2.017e+00 -5.300e+00 -4.668e+00 -1.631e+01 -1.750e+01 -9.338e+00 -2.806e+00
+10.987 +9.987 13.828  2.868 0.250 0.000 1.000 -2.322e+01 -1.496e-01 -5.591e-01 -2.540e+00 -3.723e+00 -1.182e+01 -2.948e+00 -7.185e+00 -1.508e+01 -2.017e+00 -5.300e+00 -4.668e+00 -1.631e+01 -1.750e+01 -9.311e+00 -2.806e+00
+11.015 +10.015 13.857  2.872 0.250 0.000 1.000   nan -1.496e-01 -5.591e-01 -2.541e+00 -3.703e+00 -1.182e+01 -2.947e+00 -7.184e+00 -1.508e+01 -2.017e+00 -5.300e+00 -4.669e+00 -1.631e+01 -1.750e+01 -9.284e+00 -2.806e+00
+11.042 +10.042 13.887  2.876 0.250 0.000 1.000 -2.322e+01 -1.496e-01 -5.591e-01 -2.543e+00 -3.683e+00 -1.183e+01 -2.946e+00 -7.184e+00 -1.508e+01 -2.017e+00 -5.300e+00 -4.669e+00 -1.631e+01 -1.750e+01 -9.256e+00 -2.806e+00
+11.070 +10.070 13.917  2.881 0.250 0.000 1.000   nan -1.496e-01 -5.591e-01 -2.545e+00 -3.664e+00 -1.183e+01 -2.945e+00 -7.184e+00 -1.508e+01 -2.017e+00 -5.299e+00 -4.670e+00 -1.631e+01 -1.750e+01 -9.229e+00 -2.806e+00
+11.097 +10.097 13.947  2.885 0.250 0.000 1.000 -2.322e+01 -1.496e-01 -5.591e-01 -2.547e+00 -3.644e+00 -1.183e+01 -2.944e+00 -7.183e+00 -1.508e+01 -2.017e+00 -5.299e+00 -4.670e+00 -1.631e+01 -1.750e+01 -9.202e+00 -2.806e+00
+11.125 +10.125 13.977  2.890 0.250 0.000 1.000   nan -1.496e-01 -5.591e-01 -2.549e+00 -3.625e+00 -1.183e+01 -2.942e+00 -7.182e+00 -1.507e+01 -2.017e+00 -5.299e+00 -4.671e+00 -1.631e+01 -1.750e+01 -9.175e+00 -2.806e+00
+11.152 +10.152 14.007  2.895 0.250 0.000 1.000 -2.322e+01 -1.496e-01 -5.591e-01 -2.551e+00 -3.605e+00 -1.183e+01 -2.941e+00 -7.182e+00 -1.507e+01 -2.017e+00 -5.298e+00 -4.671e+00 -1.631e+01 -1.750e+01 -9.147e+00 -2.806e+00
+11.180 +10.180 14.037  2.900 0.250 0.000 1.000   nan -1.496e-01 -5.591e-01 -2.553e+00 -3.586e+00 -1.184e+01 -2.939e+00 -7.181e+00 -1.507e+01 -2.017e+00 -5.298e+00 -4.672e+00 -1.631e+01 -1.750e+01 -9.120e+00 -2.806e+00
+11.207 +10.207 14.068  2.905 0.250 0.000 1.000 -2.323e+01 -1.496e-01 -5.591e-01 -2.555e+00 -3.567e+00 -1.184e+01 -2.937e+00 -7.180e+00 -1.507e+01 -2.017e+00 -5.297e+00 -4.673e+00 -1.631e+01 -1.750e+01 -9.093e+00 -2.806e+00
+11.235 +10.235 14.099  2.910 0.250 0.000 1.000   nan -1.496e-01 -5.591e-01 -2.558e+00 -3.547e+00 -1.184e+01 -2.935e+00 -7.179e+00 -1.507e+01 -2.017e+00 -5.297e+00 -4.673e+00 -1.631e+01 -1.750e+01 -9.066e+00 -2.806e+00
+11.262 +10.262 14.130  2.916 0.250 0.000 1.000 -2.323e+01 -1.496e-01 -5.591e-01 -2.561e+00 -3.529e+00 -1.184e+01 -2.932e+00 -7.178e+00 -1.506e+01 -2.017e+00 -5.296e+00 -4.674e+00 -1.631e+01 -1.750e+01 -9.039e+00 -2.806e+00
+11.290 +10.290 14.161  2.921 0.250 0.000 1.000   nan -1.496e-01 -5.591e-01 -2.564e+00 -3.510e+00 -1.185e+01 -2.929e+00 -7.176e+00 -1.506e+01 -2.017e+00 -5.296e+00 -4.675e+00 -1.631e+01 -1.750e+01 -9.012e+00 -2.806e+00
+11.317 +10.317 14.192  2.927 0.250 0.000 1.000 -2.323e+01 -1.496e-01 -5.591e-01 -2.567e+00 -3.491e+00 -1.185e+01 -2.926e+00 -7.175e+00 -1.506e+01 -2.017e+00 -5.295e+00 -4.676e+00 -1.631e+01 -1.750e+01 -8.984e+00 -2.806e+00
+11.345 +10.345 14.223  2.932 0.250 0.000 1.000   nan -1.496e-01 -5.591e-01 -2.570e+00 -3.473e+00 -1.185e+01 -2.923e+00 -7.173e+00 -1.506e+01 -2.017e+00 -5.295e+00 -4.676e+00 -1.631e+01 -1.750e+01 -8.957e+00 -2.806e+00
+11.372 +10.372 14.254  2.938 0.250 0.000 1.000 -2.323e+01 -1.496e-01 -5.591e-01 -2.573e+00 -3.455e+00 -1.185e+01 -2.919e+00 -7.171e+00 -1.505e+01 -2.017e+00 -5.294e+00 -4.677e+00 -1.631e+01 -1.750e+01 -8.930e+00 -2.806e+00
+11.400 +10.400 14.286  2.943 0.250 0.000 1.000   nan -1.496e-01 -5.591e-01 -2.577e+00 -3.438e+00 -1.186e+01 -2.915e+00 -7.169e+00 -1.505e+01 -2.017e+00 -5.293e+00 -4.678e+00 -1.631e+01 -1.750e+01 -8.903e+00 -2.806e+00
+11.427 +10.427 14.318  2.949 0.250 0.000 1.000 -2.323e+01 -1.496e-01 -5.591e-01 -2.581e+00 -3.421e+00 -1.186e+01 -2.911e+00 -7.167e+00 -1.504e+01 -2.017e+00 -5.293e+00 -4.680e+00 -1.631e+01 -1.750e+01 -8.876e+00 -2.806e+00
+11.455 +10.455 14.349  2.954 0.250 0.000 1.000   nan -1.496e-01 -5.591e-01 -2.585e+00 -3.404e+00 -1.187e+01 -2.906e+00 -7.164e+00 -1.504e+01 -2.017e+00 -5.292e+00 -4.681e+00 -1.631e+01 -1.750e+01 -8.849e+00 -2.806e+00
+11.482 +10.482 14.381  2.959 0.312 0.000 1.000 -2.324e+01 -1.496e-01 -5.591e-01 -2.590e+00 -3.388e+00 -1.187e+01 -2.901e+00 -7.162e+00 -1.503e+01 -2.017e+00 -5.291e+00 -4.682e+00 -1.631e+01 -1.749e+01 -8.823e+00 -2.806e+00
+11.510 +10.510 14.413  2.965 0.312 0.000 1.000   nan -1.496e-01 -5.591e-01 -2.595e+00 -3.372e+00 -1.188e+01 -2.895e+00 -7.159e+00 -1.503e+01 -2.017e+00 -5.290e+00 -4.683e+00 -1.631e+01 -1.749e+01 -8.796e+00 -2.806e+00
+11.537 +10.537 14.445  2.970 0.312 0.000 1.000 -2.324e+01 -1.496e-01 -5.591e-01 -2.600e+00 -3.357e+00 -1.188e+01 -2.889e+00 -7.156e+00 -1.502e+01 -2.017e+00 -5.289e+00 -4.685e+00 -1.631e+01 -1.749e+01 -8.769e+00 -2.806e+00
+11.565 +10.565 14.477  2.975 0.312 0.000 1.000   nan -1.496e-01 -5.591e-01 -2.605e+00 -3.342e+00 -1.189e+01 -2.882e+00 -7.152e+00 -1.502e+01 -2.017e+00 -5.288e+00 -4.686e+00 -1.631e+01 -1.749e+01 -8.742e+00 -2.806e+00
+11.592 +10.592 14.509  2.979 0.312 0.000 1.000 -2.324e+01 -1.496e-01 -5.591e-01 -2.611e+00 -3.328e+00 -1.189e+01 -2.874e+00 -7.148e+00 -1.501e+01 -2.017e+00 -5.287e+00 -4.688e+00 -1.631e+01 -1.749e+01 -8.715e+00 -2.806e+00
+11.620 +10.620 14.541  2.984 0.312 0.000 1.000   nan -1.496e-01 -5.591e-01 -2.617e+00 -3.315e+00 -1.190e+01 -2.866e+00 -7.143e+00 -1.500e+01 -2.017e+00 -5.286e+00 -4.689e+00 -1.631e+01 -1.749e+01 -8.689e+00 -2.806e+00
+11.647 +10.647 14.573  2.988 0.312 0.000 1.000 -2.325e+01 -1.497e-01 -5.591e-01 -2.624e+00 -3.302e+00 -1.190e+01 -2.858e+00 -7.139e+00 -1.499e+01 -2.017e+00 -5.285e+00 -4.691e+00 -1.631e+01 -1.749e+01 -8.662e+00 -2.806e+00
+11.675 +10.675 14.604  2.991 0.312 0.000 1.000   nan -1.497e-01 -5.591e-01 -2.631e+00 -3.290e+00 -1.191e+01 -2.848e+00 -7.133e+00 -1.498e+01 -2.017e+00 -5.284e+00 -4.693e+00 -1.631e+01 -1.749e+01 -8.635e+00 -2.806e+00
+11.702 +10.702 14.636  2.995 0.312 0.000 1.000 -2.325e+01 -1.497e-01 -5.591e-01 -2.638e+00 -3.279e+00 -1.192e+01 -2.838e+00 -7.127e+00 -1.497e+01 -2.017e+00 -5.282e+00 -4.695e+00 -1.631e+01 -1.749e+01 -8.609e+00 -2.806e+00
+11.730 +10.730 14.668  2.998 0.312 0.000 1.000   nan -1.497e-01 -5.591e-01 -2.646e+00 -3.269e+00 -1.193e+01 -2.828e+00 -7.121e+00 -1.496e+01 -2.017e+00 -5.281e+00 -4.697e+00 -1.631e+01 -1.748e+01 -8.583e+00 -2.806e+00
+11.757 +10.757 14.700  3.000 0.312 0.000 1.000 -2.325e+01 -1.497e-01 -5.591e-01 -2.655e+00 -3.260e+00 -1.193e+01 -2.817e+00 -7.114e+00 -1.495e+01 -2.017e+00 -5.279e+00 -4.699e+00 -1.631e+01 -1.748e+01 -8.556e+00 -2.806e+00
+11.785 +10.785 14.731  3.002 0.312 0.000 1.000   nan -1.497e-01 -5.591e-01 -2.664e+00 -3.251e+00 -1.194e+01 -2.805e+00 -7.107e+00 -1.494e+01 -2.017e+00 -5.278e+00 -4.702e+00 -1.631e+01 -1.748e+01 -8.530e+00 -2.806e+00
+11.812 +10.812 14.762  3.003 0.312 0.000 1.000 -2.326e+01 -1.497e-01 -5.591e-01 -2.673e+00 -3.244e+00 -1.195e+01 -2.792e+00 -7.099e+00 -1.493e+01 -2.017e+00 -5.276e+00 -4.705e+00 -1.631e+01 -1.748e+01 -8.504e+00 -2.806e+00
+11.840 +10.840 14.793  3.003 0.312 0.000 1.000   nan -1.497e-01 -5.591e-01 -2.684e+00 -3.238e+00 -1.196e+01 -2.779e+00 -7.090e+00 -1.492e+01 -2.017e+00 -5.274e+00 -4.707e+00 -1.631e+01 -1.748e+01 -8.477e+00 -2.806e+00
+11.867 +10.867 14.824  3.002 0.312 0.000 1.000 -2.326e+01 -1.497e-01 -5.591e-01 -2.695e+00 -3.233e+00 -1.197e+01 -2.765e+00 -7.081e+00 -1.490e+01 -2.017e+00 -5.272e+00 -4.710e+00 -1.631e+01 -1.748e+01 -8.451e+00 -2.806e+00
+11.895 +10.895 14.854  3.001 0.312 0.000 1.000   nan -1.497e-01 -5.591e-01 -2.706e+00 -3.229e+00 -1.198e+01 -2.750e+00 -7.072e+00 -1.489e+01 -2.017e+00 -5.270e+00 -4.713e+00 -1.631e+01 -1.747e+01 -8.425e+00 -2.806e+00
+11.922 +10.922 14.884  2.999 0.312 0.000 1.000 -2.327e+01 -1.497e-01 -5.591e-01 -2.719e+00 -3.227e+00 -1.200e+01 -2.735e+00 -7.062e+00 -1.487e+01 -2.017e+00 -5.268e+00 -4.717e+00 -1.631e+01 -1.747e+01 -8.400e+00 -2.806e+00
+11.950 +10.950 14.914  2.996 0.312 0.000 1.000   nan -1.497e-01 -5.591e-01 -2.732e+00 -3.226e+00 -1.201e+01 -2.720e+00 -7.051e+00 -1.486e+01 -2.017e+00 -5.266e+00 -4.720e+00 -1.631e+01 -1.747e+01 -8.374e+00 -2.806e+00
+11.977 +10.977 14.943  2.991 0.312 0.000 1.000 -2.327e+01 -1.497e-01 -5.591e-01 -2.746e+00 -3.227e+00 -1.202e+01 -2.704e+00 -7.040e+00 -1.484e+01 -2.017e+00 -5.263e+00 -4.724e+00 -1.631e+01 -1.747e+01 -8.348e+00 -2.806e+00
+12.005 +11.005 14.972  2.986 0.312 0.000 1.000   nan -1.497e-01 -5.591e-01 -2.761e+00 -3.229e+00 -1.204e+01 -2.688e+00 -7.028e+00 -1.483e+01 -2.017e+00 -5.261e+00 -4.728e+00 -1.631e+01 -1.747e+01 -8.323e+00 -2.806e+00
+12.032 +11.032 15.000  2.979 0.312 0.000 1.000 -2.328e+01 -1.497e-01 -5.591e-01 -2.777e+00 -3.233e+00 -1.205e+01 -2.671e+00 -7.017e+00 -1.481e+01 -2.017e+00 -5.258e+00 -4.733e+00 -1.631e+01 -1.746e+01 -8.297e+00 -2.806e+00
+12.060 +11.060 15.028  2.971 0.312 0.000 1.000   nan -1.497e-01 -5.591e-01 -2.794e+00 -3.238e+00 -1.207e+01 -2.654e+00 -7.004e+00 -1.479e+01 -2.017e+00 -5.255e+00 -4.737e+00 -1.631e+01 -1.746e+01 -8.272e+00 -2.806e+00
+12.087 +11.087 15.055  2.962 0.312 0.000 1.000 -2.329e+01 -1.497e-01 -5.591e-01 -2.812e+00 -3.245e+00 -1.209e+01 -2.637e+00 -6.992e+00 -1.478e+01 -2.017e+00 -5.252e+00 -4.742e+00 -1.631e+01 -1.746e+01 -8.247e+00 -2.806e+00
+12.115 +11.115 15.081  2.951 0.312 0.000 1.000   nan -1.497e-01 -5.591e-01 -2.832e+00 -3.254e+00 -1.211e+01 -2.620e+00 -6.979e+00 -1.476e+01 -2.017e+00 -5.249e+00 -4.747e+00 -1.631e+01 -1.745e+01 -8.222e+00 -2.806e+00
+12.142 +11.142 15.107  2.938 0.312 0.000 1.000 -2.329e+01 -1.498e-01 -5.591e-01 -2.852e+00 -3.265e+00 -1.213e+01 -2.603e+00 -6.966e+00 -1.474e+01 -2.017e+00 -5.246e+00 -4.753e+00 -1.631e+01 -1.745e+01 -8.197e+00 -2.806e+00
+12.170 +11.170 15.132  2.924 0.312 0.000 1.000   nan -1.498e-01 -5.591e-01 -2.874e+00 -3.278e+00 -1.215e+01 -2.586e+00 -6.953e+00 -1.473e+01 -2.017e+00 -5.242e+00 -4.759e+00 -1.631e+01 -1.745e+01 -8.172e+00 -2.806e+00
+12.197 +11.197 15.157  2.908 0.312 0.000 1.000 -2.330e+01 -1.498e-01 -5.591e-01 -2.898e+00 -3.293e+00 -1.217e+01 -2.569e+00 -6.939e+00 -1.471e+01 -2.017e+00 -5.238e+00 -4.765e+00 -1.631e+01 -1.744e+01 -8.148e+00 -2.806e+00
+12.225 +11.225 15.180  2.890 0.312 0.000 1.000   nan -1.498e-01 -5.591e-01 -2.923e+00 -3.311e+00 -1.219e+01 -2.552e+00 -6.926e+00 -1.469e+01 -2.017e+00 -5.234e+00 -4.772e+00 -1.631e+01 -1.744e+01 -8.124e+00 -2.806e+00
+12.252 +11.252 15.203  2.871 0.312 0.000 1.000 -2.331e+01 -1.498e-01 -5.591e-01 -2.949e+00 -3.330e+00 -1.222e+01 -2.536e+00 -6.913e+00 -1.467e+01 -2.017e+00 -5.230e+00 -4.779e+00 -1.631e+01 -1.744e+01 -8.100e+00 -2.806e+00
+12.280 +11.280 15.225  2.849 0.312 0.000 1.000   nan -1.498e-01 -5.591e-01 -2.978e+00 -3.352e+00 -1.225e+01 -2.519e+00 -6.900e+00 -1.466e+01 -2.017e+00 -5.225e+00 -4.787e+00 -1.631e+01 -1.743e+01 -8.076e+00 -2.806e+00
+12.307 +11.307 15.246  2.825 0.312 0.000 1.000 -2.331e+01 -1.498e-01 -5.591e-01 -3.008e+00 -3.377e+00 -1.228e+01 -2.504e+00 -6.887e+00 -1.464e+01 -2.017e+00 -5.221e+00 -4.795e+00 -1.631e+01 -1.743e+01 -8.052e+00 -2.806e+00
+12.335 +11.335 15.266  2.799 0.312 0.000 1.000   nan -1.498e-01 -5.591e-01 -3.040e+00 -3.404e+00 -1.231e+01 -2.488e+00 -6.875e+00 -1.463e+01 -2.017e+00 -5.216e+00 -4.804e+00 -1.631e+01 -1.742e+01 -8.029e+00 -2.806e+00
+12.362 +11.362 15.285  2.771 0.312 0.000 1.000 -2.332e+01 -1.498e-01 -5.591e-01 -3.074e+00 -3.433e+00 -1.234e+01 -2.474e+00 -6.862e+00 -1.461e+01 -2.017e+00 -5.211e+00 -4.813e+00 -1.631e+01 -1.742e+01 -8.006e+00 -2.806e+00
+12.390 +11.390 15.304  2.740 0.312 0.000 1.000   nan -1.498e-01 -5.591e-01 -3.110e+00 -3.465e+00 -1.238e+01 -2.460e+00 -6.851e+00 -1.460e+01 -2.017e+00 -5.205e+00 -4.823e+00 -1.631e+01 -1.741e+01 -7.983e+00 -2.806e+00
+12.417 +11.417 15.321  2.707 0.312 0.000 1.000 -2.333e+01 -1.498e-01 -5.591e-01 -3.148e+00 -3.501e+00 -1.241e+01 -2.446e+00 -6.839e+00 -1.458e+01 -2.017e+00 -5.199e+00 -4.834e+00 -1.631e+01 -1.741e+01 -7.960e+00 -2.806e+00
+12.445 +11.445 15.337  2.672 0.312 0.000 1.000   nan -1.498e-01 -5.591e-01 -3.189e+00 -3.538e+00 -1.245e+01 -2.433e+00 -6.828e+00 -1.457e+01 -2.017e+00 -5.193e+00 -4.845e+00 -1.631e+01 -1.740e+01 -7.938e+00 -2.806e+00
+12.472 +11.472 15.353  2.634 0.312 0.000 1.000 -2.333e+01 -1.499e-01 -5.591e-01 -3.233e+00 -3.579e+00 -1.249e+01 -2.421e+00 -6.818e+00 -1.456e+01 -2.017e+00 -5.187e+00 -4.857e+00 -1.631e+01 -1.739e+01 -7.916e+00 -2.806e+00
+12.500 +11.500 15.367  2.593 0.312 0.000 1.000   nan -1.499e-01 -5.591e-01 -3.279e+00 -3.623e+00 -1.254e+01 -2.410e+00 -6.808e+00 -1.455e+01 -2.017e+00 -5.180e+00 -4.870e+00 -1.631e+01 -1.739e+01 -7.894e+00 -2.806e+00
+12.527 +11.527 15.381  2.550 0.312 0.000 1.000 -2.334e+01 -1.499e-01 -5.591e-01 -3.328e+00 -3.671e+00 -1.259e+01 -2.400e+00 -6.799e+00 -1.454e+01 -2.017e+00 -5.173e+00 -4.883e+00 -1.631e+01 -1.738e+01 -7.873e+00 -2.806e+00
+12.555 +11.555 15.393  2.504 0.312 0.000 1.000   nan -1.499e-01 -5.591e-01 -3.380e+00 -3.721e+00 -1.264e+01 -2.390e+00 -6.791e+00 -1.453e+01 -2.017e+00 -5.166e+00 -4.898e+00 -1.631e+01 -1.737e+01 -7.852e+00 -2.806e+00
+12.582 +11.582 15.405  2.456 0.312 0.000 1.000 -2.335e+01 -1.499e-01 -5.591e-01 -3.434e+00 -3.775e+00 -1.269e+01 -2.381e+00 -6.783e+00 -1.452e+01 -2.017e+00 -5.158e+00 -4.913e+00 -1.631e+01 -1.737e+01 -7.831e+00 -2.806e+00
+12.610 +11.610 15.415  2.405 0.312 0.000 1.000   nan -1.499e-01 -5.591e-01 -3.492e+00 -3.832e+00 -1.275e+01 -2.372e+00 -6.776e+00 -1.451e+01 -2.017e+00 -5.150e+00 -4.930e+00 -1.631e+01 -1.736e+01 -7.811e+00 -2.806e+00
+12.637 +11.637 15.425  2.351 0.312 0.000 1.000 -2.335e+01 -1.499e-01 -5.590e-01 -3.553e+00 -3.892e+00 -1.281e+01 -2.365e+00 -6.770e+00 -1.450e+01 -2.017e+00 -5.142e+00 -4.947e+00 -1.631e+01 -1.735e+01 -7.791e+00 -2.806e+00
+12.665 +11.665 15.434  2.295 0.312 0.000 1.000   nan -1.499e-01 -5.590e-01 -3.617e+00 -3.957e+00 -1.287e+01 -2.358e+00 -6.764e+00 -1.449e+01 -2.017e+00 -5.133e+00 -4.966e+00 -1.631e+01 -1.734e+01 -7.772e+00 -2.806e+00
+12.692 +11.692 15.443  2.237 0.312 0.000 1.000 -2.336e+01 -1.499e-01 -5.590e-01 -3.684e+00 -4.024e+00 -1.293e+01 -2.352e+00 -6.759e+00 -1.449e+01 -2.017e+00 -5.124e+00 -4.986e+00 -1.631e+01 -1.733e+01 -7.753e+00 -2.806e+00
+12.720 +11.720 15.450  2.177 0.312 0.000 1.000   nan -1.499e-01 -5.590e-01 -3.753e+00 -4.095e+00 -1.300e+01 -2.347e+00 -6.755e+00 -1.448e+01 -2.017e+00 -5.114e+00 -5.007e+00 -1.631e+01 -1.732e+01 -7.735e+00 -2.806e+00
+12.747 +11.747 15.457  2.116 0.312 0.000 1.000 -2.336e+01 -1.499e-01 -5.590e-01 -3.825e+00 -4.170e+00 -1.307e+01 -2.342e+00 -6.751e+00 -1.448e+01 -2.017e+00 -5.104e+00 -5.030e+00 -1.631e+01 -1.731e+01 -7.717e+00 -2.806e+00
+12.775 +11.775 15.463  2.053 0.312 0.000 1.000   nan -1.499e-01 -5.590e-01 -3.899e+00 -4.247e+00 -1.315e+01 -2.338e+00 -6.748e+00 -1.447e+01 -2.017e+00 -5.094e+00 -5.054e+00 -1.631e+01 -1.730e+01 -7.700e+00 -2.806e+00
+12.802 +11.802 15.469  1.991 0.312 0.000 1.000 -2.336e+01 -1.499e-01 -5.590e-01 -3.973e+00 -4.326e+00 -1.322e+01 -2.335e+00 -6.746e+00 -1.447e+01 -2.017e+00 -5.083e+00 -5.080e+00 -1.631e+01 -1.729e+01 -7.684e+00 -2.806e+00
+12.830 +11.830 15.474  1.930 0.312 0.000 1.000   nan -1.499e-01 -5.590e-01 -4.048e+00 -4.408e+00 -1.329e+01 -2.332e+00 -6.744e+00 -1.446e+01 -2.017e+00 -5.072e+00 -5.108e+00 -1.631e+01 -1.728e+01 -7.667e+00 -2.806e+00
+12.857 +11.857 15.479  1.870 0.312 0.000 1.000 -2.336e+01 -1.499e-01 -5.590e-01 -4.121e+00 -4.489e+00 -1.337e+01 -2.329e+00 -6.742e+00 -1.446e+01 -2.017e+00 -5.060e+00 -5.137e+00 -1.631e+01 -1.727e+01 -7.652e+00 -2.806e+00
+12.885 +11.885 15.483  1.814 0.312 0.000 1.000   nan -1.499e-01 -5.590e-01 -4.192e+00 -4.570e+00 -1.344e+01 -2.327e+00 -6.741e+00 -1.446e+01 -2.017e+00 -5.048e+00 -5.168e+00 -1.631e+01 -1.726e+01 -7.637e+00 -2.806e+00
+12.912 +11.912 15.487  1.762 0.312 0.000 1.000 -2.336e+01 -1.499e-01 -5.590e-01 -4.257e+00 -4.649e+00 -1.351e+01 -2.326e+00 -6.741e+00 -1.446e+01 -2.017e+00 -5.036e+00 -5.202e+00 -1.631e+01 -1.725e+01 -7.623e+00 -2.806e+00
+12.940 +11.940 15.491  1.715 0.312 0.000 1.000   nan -1.499e-01 -5.590e-01 -4.317e+00 -4.716e+00 -1.357e+01 -2.324e+00 -6.741e+00 -1.446e+01 -2.017e+00 -5.023e+00 -5.238e+00 -1.631e+01 -1.723e+01 -7.609e+00 -2.806e+00
+12.967 +11.967 15.495  1.677 0.312 0.000 1.000 -2.336e+01 -1.499e-01 -5.590e-01 -4.369e+00 -4.782e+00 -1.363e+01 -2.323e+00 -6.741e+00 -1.446e+01 -2.017e+00 -5.009e+00 -5.276e+00 -1.631e+01 -1.722e+01 -7.597e+00 -2.806e+00
+12.995 +11.985 15.499  1.644 0.312 0.000 1.000   nan -1.499e-01 -5.590e-01 -4.412e+00 -4.842e+00 -1.368e+01 -2.323e+00 -6.741e+00 -1.445e+01 -2.017e+00 -4.996e+00 -5.316e+00 -1.631e+01 -1.721e+01 -7.585e+00 -2.806e+00
+13.022 +12.022 15.502  1.616 0.312 0.000 1.000 -2.336e+01 -1.499e-01 -5.590e-01 -4.447e+00 -4.894e+00 -1.371e+01 -2.322e+00 -6.741e+00 -1.445e+01 -2.017e+00 -4.981e+00 -5.359e+00 -1.631e+01 -1.719e+01 -7.573e+00 -2.806e+00
+13.050 +12.050 15.506  1.594 0.312 0.000 1.000   nan -1.500e-01 -5.590e-01 -4.474e+00 -4.936e+00 -1.375e+01 -2.322e+00 -6.742e+00 -1.445e+01 -2.017e+00 -4.967e+00 -5.406e+00 -1.631e+01 -1.718e+01 -7.562e+00 -2.806e+00
+13.077 +12.077 15.510  1.577 0.312 0.000 1.000 -2.336e+01 -1.500e-01 -5.590e-01 -4.494e+00 -4.968e+00 -1.377e+01 -2.321e+00 -6.743e+00 -1.445e+01 -2.017e+00 -4.952e+00 -5.455e+00 -1.631e+01 -1.716e+01 -7.553e+00 -2.806e+00
+13.105 +12.105 15.514  1.565 0.312 0.000 1.000   nan -1.500e-01 -5.590e-01 -4.508e+00 -4.991e+00 -1.379e+01 -2.321e+00 -6.743e+00 -1.445e+01 -2.017e+00 -4.936e+00 -5.507e+00 -1.631e+01 -1.715e+01 -7.543e+00 -2.806e+00
+13.132 +12.132 15.518  1.557 0.312 0.000 1.000 -2.336e+01 -1.500e-01 -5.590e-01 -4.518e+00 -5.008e+00 -1.380e+01 -2.321e+00 -6.744e+00 -1.445e+01 -2.017e+00 -4.920e+00 -5.564e+00 -1.631e+01 -1.713e+01 -7.535e+00 -2.806e+00
+13.160 +12.160 15.522  1.551 0.312 0.000 1.000   nan -1.500e-01 -5.590e-01 -4.524e+00 -5.019e+00 -1.380e+01 -2.321e+00 -6.745e+00 -1.445e+01 -2.017e+00 -4.904e+00 -5.624e+00 -1.631e+01 -1.712e+01 -7.527e+00 -2.806e+00
+13.187 +12.187 15.526  1.547 0.312 0.000 1.000 -2.336e+01 -1.500e-01 -5.590e-01 -4.528e+00 -5.026e+00 -1.381e+01 -2.321e+00 -6.746e+00 -1.445e+01 -2.017e+00 -4.887e+00 -5.687e+00 -1.631e+01 -1.710e+01 -7.520e+00 -2.806e+00
+13.215 +12.215 15.531  1.544 0.312 0.000 1.000   nan -1.500e-01 -5.589e-01 -4.531e+00 -5.031e+00 -1.381e+01 -2.321e+00 -6.747e+00 -1.445e+01 -2.017e+00 -4.870e+00 -5.756e+00 -1.631e+01 -1.708e+01 -7.514e+00 -2.806e+00
+13.242 +12.242 15.535  1.543 0.438 0.000 1.000 -2.400e+01 -1.500e-01 -5.589e-01 -4.533e+00 -5.033e+00 -1.382e+01 -2.321e+00 -6.747e+00 -1.445e+01 -2.017e+00 -4.852e+00 -5.829e+00 -1.631e+01 -1.706e+01 -7.509e+00 -2.806e+00
+13.270 +12.270 15.540  1.541 0.438 0.000 1.000 -2.400e+01 -1.500e-01 -5.589e-01 -4.535e+00 -5.035e+00 -1.382e+01 -2.320e+00 -6.748e+00 -1.445e+01 -2.017e+00 -4.834e+00 -5.906e+00 -1.631e+01 -1.705e+01 -7.504e+00 -2.806e+00
+13.297 +12.297 15.546  1.541 0.438 0.000 1.000 -2.400e+01 -1.500e-01 -5.589e-01 -4.536e+00 -5.036e+00 -1.382e+01 -2.320e+00 -6.748e+00 -1.445e+01 -2.017e+00 -4.816e+00 -5.989e+00 -1.631e+01 -1.703e+01 -7.500e+00 -2.806e+00
+13.325 +12.325 15.551  1.540 0.438 0.000 1.000 -2.400e+01 -1.500e-01 -5.589e-01 -4.536e+00 -5.037e+00 -1.382e+01 -2.320e+00 -6.749e+00 -1.445e+01 -2.017e+00 -4.797e+00 -6.078e+00 -1.631e+01 -1.701e+01 -7.496e+00 -2.806e+00
+13.352 +12.352 15.557  1.539 0.438 0.000 1.000 -2.400e+01 -1.500e-01 -5.589e-01 -4.537e+00 -5.038e+00 -1.382e+01 -2.320e+00 -6.749e+00 -1.445e+01 -2.017e+00 -4.778e+00 -6.172e+00 -1.631e+01 -1.699e+01 -7.493e+00 -2.806e+00
+13.380 +12.380 15.563  1.539 0.438 0.000 1.000 -2.400e+01 -1.500e-01 -5.589e-01 -4.538e+00 -5.039e+00 -1.382e+01 -2.320e+00 -6.750e+00 -1.445e+01 -2.017e+00 -4.759e+00 -6.273e+00 -1.631e+01 -1.697e+01 -7.491e+00 -2.806e+00
+13.407 +12.407 15.569  1.538 0.438 0.000 1.000 -2.400e+01 -1.500e-01 -5.589e-01 -4.538e+00 -5.040e+00 -1.382e+01 -2.320e+00 -6.750e+00 -1.445e+01 -2.017e+00 -4.739e+00 -6.381e+00 -1.631e+01 -1.695e+01 -7.489e+00 -2.806e+00
+13.435 +12.435 15.576  1.538 0.438 0.000 1.000 -2.400e+01 -1.500e-01 -5.588e-01 -4.538e+00 -5.040e+00 -1.382e+01 -2.320e+00 -6.750e+00 -1.445e+01 -2.017e+00 -4.719e+00 -6.495e+00 -1.631e+01 -1.693e+01 -7.488e+00 -2.806e+00
+13.462 +12.462 15.583  1.538 0.438 0.000 1.000 -2.400e+01 -1.500e-01 -5.588e-01 -4.539e+00 -5.041e+00 -1.382e+01 -2.320e+00 -6.751e+00 -1.445e+01 -2.017e+00 -4.698e+00 -6.616e+00 -1.631e+01 -1.691e+01 -7.487e+00 -2.806e+00
+13.490 +12.490 15.590  1.538 0.438 0.000 1.000 -2.400e+01 -1.500e-01 -5.588e-01 -4.539e+00 -5.041e+00 -1.382e+01 -2.320e+00 -6.751e+00 -1.445e+01 -2.017e+00 -4.677e+00 -6.744e+00 -1.631e+01 -1.689e+01 -7.486e+00 -2.806e+00
+13.517 +12.517 15.598  1.537 0.438 0.000 1.000 -2.400e+01 -1.500e-01 -5.588e-01 -4.539e+00 -5.041e+00 -1.382e+01 -2.320e+00 -6.751e+00 -1.445e+01 -2.017e+00 -4.656e+00 -6.879e+00 -1.631e+01 -1.687e+01 -7.486e+00 -2.806e+00
+13.545 +12.545 15.606  1.537 0.438 0.000 1.000 -2.400e+01 -1.500e-01 -5.588e-01 -4.539e+00 -5.041e+00 -1.382e+01 -2.320e+00 -6.751e+00 -1.445e+01 -2.017e+00 -4.635e+00 -7.019e+00 -1.631e+01 -1.685e+01 -7.486e+00 -2.806e+00
+13.572 +12.572 15.615  1.537 0.438 0.000 1.000 -2.400e+01 -1.500e-01 -5.588e-01 -4.539e+00 -5.042e+00 -1.382e+01 -2.320e+00 -6.751e+00 -1.445e+01 -2.017e+00 -4.613e+00 -7.163e+00 -1.631e+01 -1.683e+01 -7.486e+00 -2.806e+00
+13.600 +12.600 15.623  1.537 0.438 0.000 1.000 -2.400e+01 -1.500e-01 -5.587e-01 -4.539e+00 -5.042e+00 -1.382e+01 -2.320e+00 -6.751e+00 -1.445e+01 -2.017e+00 -4.591e+00 -7.308e+00 -1.631e+01 -1.681e+01 -7.487e+00 -2.806e+00
+13.627 +12.627 15.633  1.537 0.438 0.000 1.000 -2.400e+01 -1.501e-01 -5.587e-01 -4.539e+00 -5.042e+00 -1.382e+01 -2.320e+00 -6.751e+00 -1.445e+01 -2.017e+00 -4.569e+00 -7.447e+00 -1.631e+01 -1.678e+01 -7.488e+00 -2.806e+00
+13.655 +12.655 15.642  1.537 0.438 0.000 1.000 -2.400e+01 -1.501e-01 -5.587e-01 -4.540e+00 -5.042e+00 -1.382e+01 -2.320e+00 -6.751e+00 -1.445e+01 -2.018e+00 -4.546e+00 -7.573e+00 -1.631e+01 -1.676e+01 -7.488e+00 -2.806e+00
+13.682 +12.682 15.652  1.537 0.438 0.000 1.000 -2.400e+01 -1.501e-01 -5.587e-01 -4.540e+00 -5.042e+00 -1.382e+01 -2.320e+00 -6.751e+00 -1.445e+01 -2.018e+00 -4.524e+00 -7.677e+00 -1.631e+01 -1.674e+01 -7.489e+00 -2.806e+00
+13.710 +12.710 15.662  1.537 0.438 0.000 1.000 -2.400e+01 -1.501e-01 -5.586e-01 -4.540e+00 -5.042e+00 -1.382e+01 -2.320e+00 -6.751e+00 -1.445e+01 -2.018e+00 -4.501e+00 -7.753e+00 -1.631e+01 -1.672e+01 -7.490e+00 -2.806e+00
+13.737 +12.737 15.673  1.537 0.438 0.000 1.000 -2.400e+01 -1.501e-01 -5.586e-01 -4.540e+00 -5.042e+00 -1.382e+01 -2.320e+00 -6.751e+00 -1.445e+01 -2.018e+00 -4.478e+00 -7.798e+00 -1.631e+01 -1.669e+01 -7.492e+00 -2.806e+00
+13.765 +12.765 15.684  1.537 0.438 0.000 1.000 -2.400e+01 -1.501e-01 -5.586e-01 -4.540e+00 -5.042e+00 -1.382e+01 -2.320e+00 -6.751e+00 -1.445e+01 -2.018e+00 -4.454e+00 -7.818e+00 -1.631e+01 -1.667e+01 -7.493e+00 -2.806e+00
+13.792 +12.792 15.696  1.537 0.500 0.000 1.000 -2.400e+01 -1.501e-01 -5.586e-01 -4.540e+00 -5.042e+00 -1.382e+01 -2.320e+00 -6.751e+00 -1.445e+01 -2.018e+00 -4.430e+00 -7.818e+00 -1.631e+01 -1.665e+01 -7.494e+00 -2.806e+00
+13.820 +12.820 15.708  1.537 0.500 0.000 1.000 -2.400e+01 -1.501e-01 -5.585e-01 -4.540e+00 -5.042e+00 -1.382e+01 -2.320e+00 -6.751e+00 -1.445e+01 -2.018e+00 -4.407e+00 -7.805e+00 -1.631e+01 -1.662e+01 -7.496e+00 -2.806e+00
+13.847 +12.847 15.721  1.537 0.500 0.000 1.000 -2.400e+01 -1.501e-01 -5.585e-01 -4.540e+00 -5.042e+00 -1.382e+01 -2.320e+00 -6.751e+00 -1.445e+01 -2.018e+00 -4.383e+00 -7.786e+00 -1.631e+01 -1.660e+01 -7.497e+00 -2.806e+00
+13.875 +12.875 15.733  1.537 0.500 0.000 1.000 -2.400e+01 -1.502e-01 -5.584e-01 -4.540e+00 -5.042e+00 -1.382e+01 -2.320e+00 -6.751e+00 -1.445e+01 -2.018e+00 -4.358e+00 -7.762e+00 -1.631e+01 -1.657e+01 -7.499e+00 -2.806e+00
+13.902 +12.902 15.747  1.537 0.500 0.000 1.000 -2.400e+01 -1.502e-01 -5.584e-01 -4.540e+00 -5.042e+00 -1.382e+01 -2.320e+00 -6.751e+00 -1.445e+01 -2.018e+00 -4.334e+00 -7.737e+00 -1.631e+01 -1.655e+01 -7.501e+00 -2.806e+00
+13.930 +12.930 15.761  1.537 0.500 0.000 1.000 -2.400e+01 -1.502e-01 -5.584e-01 -4.540e+00 -5.042e+00 -1.382e+01 -2.320e+00 -6.751e+00 -1.445e+01 -2.018e+00 -4.310e+00 -7.712e+00 -1.631e+01 -1.653e+01 -7.502e+00 -2.806e+00
+13.957 +12.957 15.775  1.537 0.500 0.000 1.000 -2.400e+01 -1.502e-01 -5.583e-01 -4.540e+00 -5.042e+00 -1.382e+01 -2.320e+00 -6.751e+00 -1.445e+01 -2.019e+00 -4.285e+00 -7.685e+00 -1.631e+01 -1.650e+01 -7.504e+00 -2.806e+00
+13.985 +12.985 15.789  1.537 0.500 0.000 1.000 -2.400e+01 -1.502e-01 -5.583e-01 -4.540e+00 -5.042e+00 -1.382e+01 -2.320e+00 -6.751e+00 -1.445e+01 -2.019e+00 -4.260e+00 -7.659e+00 -1.631e+01 -1.648e+01 -7.506e+00 -2.806e+00
+14.012 +13.012 15.804  1.537 0.500 0.000 1.000 -2.400e+01 -1.503e-01 -5.582e-01 -4.540e+00 -5.042e+00 -1.382e+01 -2.320e+00 -6.751e+00 -1.445e+01 -2.019e+00 -4.235e+00 -7.633e+00 -1.631e+01 -1.645e+01 -7.508e+00 -2.806e+00
+14.040 +13.040 15.820  1.537 0.500 0.000 1.000 -2.400e+01 -1.503e-01 -5.582e-01 -4.540e+00 -5.042e+00 -1.382e+01 -2.320e+00 -6.751e+00 -1.445e+01 -2.019e+00 -4.210e+00 -7.608e+00 -1.632e+01 -1.643e+01 -7.511e+00 -2.806e+00
+14.067 +13.067 15.836  1.537 0.500 0.000 1.000 -2.400e+01 -1.503e-01 -5.581e-01 -4.540e+00 -5.042e+00 -1.382e+01 -2.320e+00 -6.751e+00 -1.445e+01 -2.019e+00 -4.185e+00 -7.582e+00 -1.632e+01 -1.640e+01 -7.513e+00 -2.806e+00
+14.095 +13.095 15.852  1.537 0.500 0.000 1.000 -2.400e+01 -1.503e-01 -5.580e-01 -4.540e+00 -5.042e+00 -1.382e+01 -2.320e+00 -6.751e+00 -1.445e+01 -2.019e+00 -4.160e+00 -7.556e+00 -1.632e+01 -1.638e+01 -7.515e+00 -2.806e+00
+14.122 +13.122 15.869  1.537 0.500 0.000 1.000 -2.400e+01 -1.504e-01 -5.580e-01 -4.540e+00 -5.042e+00 -1.382e+01 -2.320e+00 -6.751e+00 -1.445e+01 -2.019e+00 -4.134e+00 -7.529e+00 -1.632e+01 -1.635e+01 -7.518e+00 -2.806e+00
+14.150 +13.150 15.886  1.537 0.500 0.000 1.000 -2.400e+01 -1.504e-01 -5.579e-01 -4.540e+00 -5.042e+00 -1.382e+01 -2.320e+00 -6.751e+00 -1.445e+01 -2.020e+00 -4.109e+00 -7.502e+00 -1.632e+01 -1.633e+01 -7.520e+00 -2.806e+00
+14.177 +13.177 15.904  1.537 0.500 0.000 1.000 -2.400e+01 -1.504e-01 -5.578e-01 -4.540e+00 -5.042e+00 -1.382e+01 -2.320e+00 -6.751e+00 -1.445e+01 -2.020e+00 -4.083e+00 -7.475e+00 -1.632e+01 -1.630e+01 -7.523e+00 -2.806e+00
+14.205 +13.205 15.922  1.537 0.500 0.000 1.000 -2.400e+01 -1.504e-01 -5.577e-01 -4.540e+00 -5.042e+00 -1.382e+01 -2.320e+00 -6.751e+00 -1.445e+01 -2.020e+00 -4.058e+00 -7.448e+00 -1.632e+01 -1.627e+01 -7.526e+00 -2.806e+00
+14.232 +13.232 15.940  1.537 0.500 0.000 1.000 -2.400e+01 -1.505e-01 -5.576e-01 -4.540e+00 -5.042e+00 -1.382e+01 -2.320e+00 -6.751e+00 -1.445e+01 -2.020e+00 -4.032e+00 -7.421e+00 -1.632e+01 -1.625e+01 -7.529e+00 -2.806e+00
+14.260 +13.260 15.959  1.537 0.500 0.000 1.000 -2.400e+01 -1.505e-01 -5.575e-01 -4.540e+00 -5.042e+00 -1.382e+01 -2.320e+00 -6.751e+00 -1.445e+01 -2.020e+00 -4.006e+00 -7.394e+00 -1.632e+01 -1.622e+01 -7.532e+00 -2.806e+00
+14.287 +13.287 15.978  1.536 0.500 0.000 1.000 -2.400e+01 -1.506e-01 -5.574e-01 -4.540e+00 -5.042e+00 -1.382e+01 -2.320e+00 -6.751e+00 -1.445e+01 -2.021e+00 -3.980e+00 -7.367e+00 -1.632e+01 -1.620e+01 -7.535e+00 -2.806e+00
+14.315 +13.315 15.997  1.536 0.500 0.000 1.000 -2.400e+01 -1.506e-01 -5.573e-01 -4.540e+00 -5.042e+00 -1.382e+01 -2.320e+00 -6.751e+00 -1.445e+01 -2.021e+00 -3.955e+00 -7.340e+00 -1.632e+01 -1.617e+01 -7.538e+00 -2.806e+00
+14.342 +13.342 16.017  1.536 0.562 0.000 1.000 -2.400e+01 -1.506e-01 -5.572e-01 -4.540e+00 -5.042e+00 -1.382e+01 -2.320e+00 -6.751e+00 -1.445e+01 -2.021e+00 -3.929e+00 -7.323e+00 -1.632e+01 -1.615e+01 -7.542e+00 -2.806e+00
+14.370 +13.370 16.037  1.536 0.562 0.000 1.000 -2.400e+01 -1.507e-01 -5.571e-01 -4.540e+00 -5.042e+00 -1.382e+01 -2.320e+00 -6.751e+00 -1.445e+01 -2.022e+00 -3.903e+00 -7.298e+00 -1.632e+01 -1.612e+01 -7.545e+00 -2.806e+00
+14.397 +13.397 16.058  1.536 0.562 0.000 1.000 -2.400e+01 -1.507e-01 -5.570e-01 -4.540e+00 -5.042e+00 -1.382e+01 -2.320e+00 -6.751e+00 -1.445e+01 -2.022e+00 -3.877e+00 -7.272e+00 -1.632e+01 -1.609e+01 -7.548e+00 -2.806e+00
+14.425 +13.425 16.079  1.536 0.562 0.000 1.000 -2.400e+01 -1.508e-01 -5.568e-01 -4.540e+00 -5.042e+00 -1.382e+01 -2.320e+00 -6.751e+00 -1.445e+01 -2.022e+00 -3.851e+00 -7.246e+00 -1.632e+01 -1.607e+01 -7.552e+00 -2.806e+00
+14.452 +13.452 16.100  1.536 0.562 0.000 1.000 -2.400e+01 -1.509e-01 -5.567e-01 -4.540e+00 -5.042e+00 -1.382e+01 -2.320e+00 -6.751e+00 -1.445e+01 -2.023e+00 -3.825e+00 -7.219e+00 -1.632e+01 -1.604e+01 -7.555e+00 -2.806e+00
+14.480 +13.480 16.121  1.536 0.562 0.000 1.000 -2.400e+01 -1.509e-01 -5.565e-01 -4.540e+00 -5.042e+00 -1.382e+01 -2.320e+00 -6.751e+00 -1.445e+01 -2.023e+00 -3.798e+00 -7.192e+00 -1.632e+01 -1.602e+01 -7.559e+00 -2.806e+00
+14.507 +13.507 16.143  1.536 0.562 0.000 1.000 -2.400e+01 -1.510e-01 -5.564e-01 -4.540e+00 -5.042e+00 -1.382e+01 -2.321e+00 -6.751e+00 -1.445e+01 -2.023e+00 -3.772e+00 -7.166e+00 -1.632e+01 -1.599e+01 -7.562e+00 -2.806e+00
+14.535 +13.535 16.165  1.536 0.562 0.000 1.000 -2.400e+01 -1.511e-01 -5.562e-01 -4.540e+00 -5.042e+00 -1.382e+01 -2.321e+00 -6.751e+00 -1.445e+01 -2.024e+00 -3.746e+00 -7.139e+00 -1.632e+01 -1.596e+01 -7.565e+00 -2.806e+00
+14.562 +13.562 16.187  1.536 0.562 0.000 1.000 -2.400e+01 -1.511e-01 -5.560e-01 -4.540e+00 -5.042e+00 -1.382e+01 -2.321e+00 -6.751e+00 -1.445e+01 -2.024e+00 -3.720e+00 -7.112e+00 -1.632e+01 -1.594e+01 -7.568e+00 -2.806e+00
+14.590 +13.590 16.210  1.536 0.562 0.000 1.000 -2.400e+01 -1.512e-01 -5.558e-01 -4.540e+00 -5.042e+00 -1.382e+01 -2.321e+00 -6.751e+00 -1.445e+01 -2.025e+00 -3.694e+00 -7.086e+00 -1.632e+01 -1.591e+01 -7.570e+00 -2.806e+00
+14.617 +13.617 16.233  1.536 0.562 0.000 1.000 -2.400e+01 -1.513e-01 -5.556e-01 -4.540e+00 -5.042e+00 -1.382e+01 -2.321e+00 -6.751e+00 -1.445e+01 -2.025e+00 -3.668e+00 -7.059e+00 -1.632e+01 -1.589e+01 -7.573e+00 -2.806e+00
+14.645 +13.645 16.256  1.536 0.562 0.000 1.000 -2.400e+01 -1.514e-01 -5.554e-01 -4.540e+00 -5.042e+00 -1.382e+01 -2.321e+00 -6.751e+00 -1.445e+01 -2.026e+00 -3.642e+00 -7.033e+00 -1.632e+01 -1.586e+01 -7.575e+00 -2.806e+00
+14.672 +13.672 16.279  1.536 0.562 0.000 1.000 -2.400e+01 -1.515e-01 -5.551e-01 -4.540e+00 -5.042e+00 -1.382e+01 -2.320e+00 -6.751e+00 -1.445e+01 -2.027e+00 -3.616e+00 -7.006e+00 -1.632e+01 -1.583e+01 -7.576e+00 -2.806e+00
+14.700 +13.700 16.302  1.536 0.562 0.000 1.000 -2.400e+01 -1.516e-01 -5.549e-01 -4.539e+00 -5.042e+00 -1.382e+01 -2.320e+00 -6.751e+00 -1.445e+01 -2.027e+00 -3.590e+00 -6.980e+00 -1.632e+01 -1.581e+01 -7.577e+00 -2.806e+00
+14.727 +13.727 16.326  1.536 0.562 0.000 1.000 -2.400e+01 -1.517e-01 -5.546e-01 -4.539e+00 -5.042e+00 -1.382e+01 -2.320e+00 -6.751e+00 -1.445e+01 -2.028e+00 -3.563e+00 -6.953e+00 -1.633e+01 -1.578e+01 -7.577e+00 -2.806e+00
+14.755 +13.755 16.350  1.535 0.562 0.000 1.000 -2.400e+01 -1.518e-01 -5.543e-01 -4.539e+00 -5.042e+00 -1.382e+01 -2.320e+00 -6.751e+00 -1.445e+01 -2.029e+00 -3.537e+00 -6.927e+00 -1.633e+01 -1.576e+01 -7.576e+00 -2.806e+00
+14.782 +13.782 16.374  1.535 0.562 0.000 1.000 -2.400e+01 -1.519e-01 -5.540e-01 -4.539e+00 -5.042e+00 -1.382e+01 -2.320e+00 -6.751e+00 -1.445e+01 -2.029e+00 -3.511e+00 -6.901e+00 -1.633e+01 -1.573e+01 -7.574e+00 -2.806e+00
+14.810 +13.810 16.398  1.535 0.562 0.000 1.000 -2.400e+01 -1.521e-01 -5.537e-01 -4.539e+00 -5.042e+00 -1.382e+01 -2.320e+00 -6.751e+00 -1.445e+01 -2.030e+00 -3.486e+00 -6.874e+00 -1.633e+01 -1.570e+01 -7.571e+00 -2.806e+00
+14.837 +13.837 16.423  1.535 0.562 0.000 1.000 -2.400e+01 -1.522e-01 -5.533e-01 -4.539e+00 -5.042e+00 -1.383e+01 -2.320e+00 -6.751e+00 -1.445e+01 -2.031e+00 -3.460e+00 -6.848e+00 -1.633e+01 -1.568e+01 -7.566e+00 -2.806e+00
+14.865 +13.865 16.447  1.535 0.562 0.000 1.000 -2.400e+01 -1.523e-01 -5.530e-01 -4.539e+00 -5.042e+00 -1.383e+01 -2.320e+00 -6.751e+00 -1.445e+01 -2.032e+00 -3.434e+00 -6.822e+00 -1.633e+01 -1.565e+01 -7.560e+00 -2.806e+00
+14.892 +13.892 16.472  1.535 0.562 0.000 1.000 -2.400e+01 -1.525e-01 -5.526e-01 -4.539e+00 -5.042e+00 -1.383e+01 -2.320e+00 -6.751e+00 -1.445e+01 -2.033e+00 -3.408e+00 -6.796e+00 -1.633e+01 -1.563e+01 -7.553e+00 -2.806e+00
+14.920 +13.920 16.497  1.535 0.562 0.000 1.000 -2.400e+01 -1.527e-01 -5.521e-01 -4.539e+00 -5.041e+00 -1.383e+01 -2.320e+00 -6.751e+00 -1.445e+01 -2.034e+00 -3.382e+00 -6.770e+00 -1.633e+01 -1.560e+01 -7.544e+00 -2.806e+00
+14.947 +13.947 16.522  1.535 0.562 0.000 1.000 -2.400e+01 -1.528e-01 -5.517e-01 -4.539e+00 -5.041e+00 -1.383e+01 -2.320e+00 -6.751e+00 -1.445e+01 -2.035e+00 -3.357e+00 -6.744e+00 -1.633e+01 -1.558e+01 -7.533e+00 -2.806e+00
+14.975 +13.975 16.547  1.535 0.562 0.000 1.000 -2.400e+01 -1.530e-01 -5.512e-01 -4.539e+00 -5.041e+00 -1.383e+01 -2.320e+00 -6.751e+00 -1.445e+01 -2.037e+00 -3.331e+00 -6.718e+00 -1.633e+01 -1.555e+01 -7.520e+00 -2.806e+00
+15.002 +14.002 16.572  1.535 0.562 0.000 1.000 -2.400e+01 -1.532e-01 -5.507e-01 -4.539e+00 -5.041e+00 -1.383e+01 -2.320e+00 -6.751e+00 -1.445e+01 -2.038e+00 -3.306e+00 -6.692e+00 -1.634e+01 -1.552e+01 -7.506e+00 -2.806e+00
+15.030 +14.030 16.598  1.534 0.562 0.000 1.000 -2.400e+01 -1.535e-01 -5.502e-01 -4.539e+00 -5.041e+00 -1.383e+01 -2.320e+00 -6.750e+00 -1.445e+01 -2.039e+00 -3.280e+00 -6.667e+00 -1.634e+01 -1.550e+01 -7.489e+00 -2.806e+00
+15.057 +14.057 16.623  1.534 0.562 0.000 1.000 -2.400e+01 -1.537e-01 -5.496e-01 -4.539e+00 -5.041e+00 -1.383e+01 -2.320e+00 -6.750e+00 -1.445e+01 -2.041e+00 -3.255e+00 -6.641e+00 -1.634e+01 -1.547e+01 -7.471e+00 -2.806e+00
+15.085 +14.085 16.649  1.534 0.562 0.000 1.000 -2.400e+01 -1.539e-01 -5.490e-01 -4.538e+00 -5.041e+00 -1.383e+01 -2.320e+00 -6.750e+00 -1.445e+01 -2.042e+00 -3.230e+00 -6.616e+00 -1.634e+01 -1.545e+01 -7.450e+00 -2.806e+00
+15.112 +14.112 16.675  1.534 0.562 0.000 1.000 -2.400e+01 -1.542e-01 -5.483e-01 -4.538e+00 -5.041e+00 -1.383e+01 -2.320e+00 -6.750e+00 -1.445e+01 -2.044e+00 -3.205e+00 -6.590e+00 -1.634e+01 -1.542e+01 -7.428e+00 -2.806e+00
+15.140 +14.140 16.700  1.534 0.562 0.000 1.000 -2.400e+01 -1.545e-01 -5.476e-01 -4.538e+00 -5.041e+00 -1.383e+01 -2.319e+00 -6.750e+00 -1.446e+01 -2.046e+00 -3.180e+00 -6.565e+00 -1.635e+01 -1.540e+01 -7.404e+00 -2.806e+00
+15.167 +14.167 16.726  1.534 0.562 0.000 1.000 -2.400e+01 -1.548e-01 -5.469e-01 -4.538e+00 -5.040e+00 -1.383e+01 -2.319e+00 -6.750e+00 -1.446e+01 -2.048e+00 -3.155e+00 -6.540e+00 -1.635e+01 -1.538e+01 -7.378e+00 -2.806e+00
+15.195 +14.195 16.752  1.534 0.562 0.000 1.000 -2.400e+01 -1.551e-01 -5.461e-01 -4.538e+00 -5.040e+00 -1.383e+01 -2.319e+00 -6.749e+00 -1.446e+01 -2.050e+00 -3.131e+00 -6.515e+00 -1.635e+01 -1.535e+01 -7.351e+00 -2.806e+00
+15.222 +14.222 16.779  1.534 0.562 0.000 1.000 -2.400e+01 -1.554e-01 -5.453e-01 -4.538e+00 -5.040e+00 -1.383e+01 -2.319e+00 -6.749e+00 -1.446e+01 -2.052e+00 -3.106e+00 -6.491e+00 -1.635e+01 -1.533e+01 -7.322e+00 -2.806e+00
+15.250 +14.250 16.805  1.534 0.562 0.000 1.000 -2.400e+01 -1.558e-01 -5.444e-01 -4.537e+00 -5.040e+00 -1.383e+01 -2.319e+00 -6.749e+00 -1.446e+01 -2.054e+00 -3.082e+00 -6.466e+00 -1.635e+01 -1.530e+01 -7.293e+00 -2.806e+00
+15.277 +14.277 16.831  1.534 0.562 0.000 1.000 -2.400e+01 -1.562e-01 -5.434e-01 -4.537e+00 -5.039e+00 -1.383e+01 -2.318e+00 -6.749e+00 -1.446e+01 -2.057e+00 -3.058e+00 -6.442e+00 -1.636e+01 -1.528e+01 -7.262e+00 -2.806e+00
+15.305 +14.305 16.857  1.533 0.562 0.000 1.000 -2.400e+01 -1.566e-01 -5.424e-01 -4.537e+00 -5.039e+00 -1.383e+01 -2.318e+00 -6.748e+00 -1.446e+01 -2.059e+00 -3.034e+00 -6.418e+00 -1.636e+01 -1.526e+01 -7.231e+00 -2.806e+00
+15.332 +14.332 16.884  1.533 0.562 0.000 1.000 -2.400e+01 -1.571e-01 -5.414e-01 -4.536e+00 -5.039e+00 -1.383e+01 -2.318e+00 -6.748e+00 -1.446e+01 -2.062e+00 -3.011e+00 -6.394e+00 -1.636e+01 -1.523e+01 -7.199e+00 -2.806e+00
+15.360 +14.360 16.910  1.533 0.562 0.000 1.000 -2.400e+01 -1.575e-01 -5.402e-01 -4.536e+00 -5.038e+00 -1.383e+01 -2.317e+00 -6.747e+00 -1.446e+01 -2.065e+00 -2.987e+00 -6.370e+00 -1.637e+01 -1.521e+01 -7.167e+00 -2.806e+00
+15.387 +14.387 16.936  1.533 0.562 0.000 1.000 -2.400e+01 -1.580e-01 -5.390e-01 -4.536e+00 -5.038e+00 -1.383e+01 -2.317e+00 -6.747e+00 -1.446e+01 -2.068e+00 -2.964e+00 -6.347e+00 -1.637e+01 -1.519e+01 -7.134e+00 -2.806e+00
+15.415 +14.415 16.963  1.533 0.562 0.000 1.000 -2.400e+01 -1.586e-01 -5.378e-01 -4.535e+00 -5.038e+00 -1.383e+01 -2.317e+00 -6.747e+00 -1.446e+01 -2.072e+00 -2.941e+00 -6.323e+00 -1.637e+01 -1.516e+01 -7.102e+00 -2.806e+00
+15.442 +14.442 16.990  1.533 0.562 0.000 1.000 -2.400e+01 -1.591e-01 -5.364e-01 -4.535e+00 -5.037e+00 -1.383e+01 -2.316e+00 -6.746e+00 -1.446e+01 -2.075e+00 -2.919e+00 -6.301e+00 -1.638e+01 -1.514e+01 -7.069e+00 -2.806e+00
+15.470 +14.470 17.016  1.533 0.562 0.000 1.000 -2.400e+01 -1.597e-01 -5.350e-01 -4.534e+00 -5.037e+00 -1.383e+01 -2.316e+00 -6.746e+00 -1.446e+01 -2.079e+00 -2.896e+00 -6.278e+00 -1.638e+01 -1.512e+01 -7.037e+00 -2.806e+00
+15.497 +14.497 17.043  1.533 0.562 0.000 1.000 -2.400e+01 -1.604e-01 -5.334e-01 -4.534e+00 -5.036e+00 -1.383e+01 -2.315e+00 -6.745e+00 -1.446e+01 -2.083e+00 -2.874e+00 -6.255e+00 -1.639e+01 -1.510e+01 -7.005e+00 -2.806e+00
+15.525 +14.525 17.070  1.533 0.562 0.000 1.000 -2.400e+01 -1.611e-01 -5.318e-01 -4.533e+00 -5.036e+00 -1.383e+01 -2.315e+00 -6.744e+00 -1.446e+01 -2.087e+00 -2.853e+00 -6.233e+00 -1.639e+01 -1.508e+01 -6.973e+00 -2.806e+00
+15.552 +14.552 17.096  1.533 0.562 0.000 1.000 -2.400e+01 -1.618e-01 -5.301e-01 -4.532e+00 -5.035e+00 -1.383e+01 -2.314e+00 -6.744e+00 -1.446e+01 -2.092e+00 -2.832e+00 -6.212e+00 -1.640e+01 -1.506e+01 -6.942e+00 -2.806e+00
+15.580 +14.068 17.123  1.533 0.562 0.000 1.000 -2.400e+01 -1.626e-01 -5.283e-01 -4.531e+00 -5.034e+00 -1.383e+01 -2.313e+00 -6.742e+00 -1.446e+01 -2.096e+00 -2.811e+00 -6.176e+00 -1.640e+01 -1.503e+01 -6.911e+00 -2.806e+00
+15.607 +14.421 17.150  1.533 0.562 0.000 1.000 -2.400e+01 -1.634e-01 -5.263e-01 -4.530e+00 -5.033e+00 -1.383e+01 -2.312e+00 -6.742e+00 -1.446e+01 -2.102e+00 -2.791e+00 -6.160e+00 -1.641e+01 -1.501e+01 -6.879e+00 -2.806e+00
+15.635 +14.206 17.177  1.533 0.562 0.000 1.000 -2.400e+01 -1.643e-01 -5.243e-01 -4.529e+00 -5.032e+00 -1.383e+01 -2.311e+00 -6.740e+00 -1.446e+01 -2.107e+00 -2.771e+00 -6.136e+00 -1.642e+01 -1.499e+01 -6.848e+00 -2.806e+00
+15.662 +14.385 17.204  1.534 0.562 0.000 1.000 -2.400e+01 -1.653e-01 -5.221e-01 -4.528e+00 -5.030e+00 -1.383e+01 -2.310e+00 -6.739e+00 -1.446e+01 -2.113e+00 -2.751e+00 -6.119e+00 -1.642e+01 -1.497e+01 -6.819e+00 -2.806e+00
+15.690 +14.417 17.231  1.534 0.562 0.000 1.000 -2.400e+01 -1.663e-01 -5.197e-01 -4.526e+00 -5.029e+00 -1.383e+01 -2.308e+00 -6.738e+00 -1.446e+01 -2.119e+00 -2.733e+00 -6.100e+00 -1.643e+01 -1.496e+01 -6.791e+00 -2.806e+00
+15.717 +14.438 17.258  1.534 0.562 0.000 1.000 -2.400e+01 -1.674e-01 -5.173e-01 -4.525e+00 -5.028e+00 -1.383e+01 -2.307e+00 -6.736e+00 -1.446e+01 -2.125e+00 -2.714e+00 -6.081e+00 -1.644e+01 -1.494e+01 -6.764e+00 -2.806e+00
+15.745 +13.568 17.285  1.535 0.562 0.000 1.000 -2.400e+01 -1.686e-01 -5.147e-01 -4.523e+00 -5.026e+00 -1.383e+01 -2.305e+00 -6.734e+00 -1.446e+01 -2.132e+00 -2.696e+00 -6.059e+00 -1.645e+01 -1.492e+01 -6.738e+00 -2.806e+00
+15.772 +14.320 17.313  1.536 0.562 0.000 1.000 -2.400e+01 -1.698e-01 -5.119e-01 -4.521e+00 -5.024e+00 -1.382e+01 -2.303e+00 -6.732e+00 -1.445e+01 -2.140e+00 -2.679e+00 -6.043e+00 -1.645e+01 -1.490e+01 -6.713e+00 -2.806e+00
+15.800 +14.289 17.340  1.537 0.562 0.000 1.000 -2.400e+01 -1.712e-01 -5.090e-01 -4.519e+00 -5.022e+00 -1.382e+01 -2.301e+00 -6.730e+00 -1.445e+01 -2.148e+00 -2.663e+00 -6.026e+00 -1.646e+01 -1.489e+01 -6.689e+00 -2.806e+00
+15.827 +13.386 17.367  1.538 0.500 0.000 1.000 -2.400e+01 -1.726e-01 -5.058e-01 -4.516e+00 -5.019e+00 -1.382e+01 -2.299e+00 -6.727e+00 -1.445e+01 -2.156e+00 -2.647e+00 -6.007e+00 -1.647e+01 -1.487e+01 -6.666e+00 -2.806e+00
+15.855 +14.247 17.395  1.539 0.562 0.000 1.000 -2.400e+01 -1.742e-01 -5.025e-01 -4.513e+00 -5.016e+00 -1.382e+01 -2.296e+00 -6.725e+00 -1.445e+01 -2.165e+00 -2.632e+00 -5.994e+00 -1.648e+01 -1.486e+01 -6.645e+00 -2.806e+00
+15.882 +14.025 17.422  1.540 0.562 0.000 1.000 -2.400e+01 -1.758e-01 -4.990e-01 -4.510e+00 -5.013e+00 -1.382e+01 -2.293e+00 -6.722e+00 -1.445e+01 -2.174e+00 -2.618e+00 -5.978e+00 -1.649e+01 -1.485e+01 -6.625e+00 -2.806e+00
+15.910 +14.190 17.450  1.542 0.562 0.000 1.000 -2.400e+01 -1.776e-01 -4.953e-01 -4.507e+00 -5.010e+00 -1.382e+01 -2.290e+00 -6.719e+00 -1.445e+01 -2.184e+00 -2.604e+00 -5.965e+00 -1.651e+01 -1.484e+01 -6.606e+00 -2.806e+00
+15.937 +13.610 17.477  1.543 0.562 0.000 1.000 -2.400e+01 -1.795e-01 -4.914e-01 -4.503e+00 -5.006e+00 -1.382e+01 -2.286e+00 -6.715e+00 -1.445e+01 -2.194e+00 -2.591e+00 -5.951e+00 -1.652e+01 -1.482e+01 -6.589e+00 -2.806e+00
+15.965 +14.072 17.505  1.545 0.562 0.000 1.000 -2.400e+01 -1.815e-01 -4.872e-01 -4.500e+00 -5.002e+00 -1.381e+01 -2.282e+00 -6.711e+00 -1.445e+01 -2.205e+00 -2.580e+00 -5.939e+00 -1.653e+01 -1.481e+01 -6.572e+00 -2.806e+00
+15.992 +14.278 17.533  1.547 0.562 0.000 1.000 -2.400e+01 -1.837e-01 -4.828e-01 -4.496e+00 -4.999e+00 -1.381e+01 -2.278e+00 -6.707e+00 -1.444e+01 -2.217e+00 -2.569e+00 -5.929e+00 -1.655e+01 -1.481e+01 -6.557e+00 -2.806e+00
+16.020 +12.970 17.561  1.549 0.500 0.000 1.000 -2.400e+01 -1.861e-01 -4.781e-01 -4.491e+00 -4.994e+00 -1.381e+01 -2.274e+00 -6.702e+00 -1.444e+01 -2.229e+00 -2.559e+00 -5.918e+00 -1.656e+01 -1.480e+01 -6.543e+00 -2.806e+00
+16.047 +14.011 17.589  1.552 0.562 0.000 1.000 -2.400e+01 -1.886e-01 -4.731e-01 -4.486e+00 -4.989e+00 -1.381e+01 -2.269e+00 -6.697e+00 -1.444e+01 -2.242e+00 -2.550e+00 -5.909e+00 -1.658e+01 -1.479e+01 -6.530e+00 -2.806e+00
+16.075 +14.376 17.617  1.554 0.562 0.000 1.000 -2.400e+01 -1.914e-01 -4.679e-01 -4.481e+00 -4.984e+00 -1.381e+01 -2.264e+00 -6.692e+00 -1.444e+01 -2.256e+00 -2.542e+00 -5.902e+00 -1.659e+01 -1.479e+01 -6.519e+00 -2.806e+00
+16.102 +14.130 17.646  1.556 0.562 0.000 1.000 -2.400e+01 -1.943e-01 -4.623e-01 -4.475e+00 -4.979e+00 -1.380e+01 -2.258e+00 -6.687e+00 -1.443e+01 -2.270e+00 -2.535e+00 -5.894e+00 -1.661e+01 -1.478e+01 -6.510e+00 -2.806e+00
+16.130 +14.065 17.674  1.559 0.562 0.000 0.999 -2.400e+01 -1.975e-01 -4.565e-01 -4.470e+00 -4.973e+00 -1.380e+01 -2.253e+00 -6.681e+00 -1.443e+01 -2.286e+00 -2.530e+00 -5.889e+00 -1.663e+01 -1.478e+01 -6.501e+00 -2.806e+00
+16.157 +13.620 17.702  1.561 0.562 0.000 0.999 -2.400e+01 -2.010e-01 -4.502e-01 -4.464e+00 -4.966e+00 -1.380e+01 -2.247e+00 -6.675e+00 -1.443e+01 -2.302e+00 -2.526e+00 -5.884e+00 -1.665e+01 -1.478e+01 -6.494e+00 -2.806e+00
+16.185 +14.012 17.731  1.564 0.562 0.000 0.999 -2.400e+01 -2.047e-01 -4.437e-01 -4.457e+00 -4.960e+00 -1.380e+01 -2.240e+00 -6.669e+00 -1.443e+01 -2.319e+00 -2.523e+00 -5.881e+00 -1.667e+01 -1.478e+01 -6.489e+00 -2.806e+00
+16.212 +13.667 17.760  1.567 0.562 0.000 0.999 -2.400e+01 -2.087e-01 -4.367e-01 -4.450e+00 -4.953e+00 -1.379e+01 -2.233e+00 -6.662e+00 -1.442e+01 -2.337e+00 -2.521e+00 -5.879e+00 -1.669e+01 -1.478e+01 -6.485e+00 -2.806e+00
+16.240 +14.373 17.789  1.570 0.562 0.000 0.999 -2.400e+01 -2.131e-01 -4.294e-01 -4.444e+00 -4.946e+00 -1.379e+01 -2.226e+00 -6.655e+00 -1.442e+01 -2.355e+00 -2.521e+00 -5.879e+00 -1.671e+01 -1.479e+01 -6.482e+00 -2.806e+00
+16.267 +14.246 17.818  1.572 0.562 0.000 0.999 -2.400e+01 -2.178e-01 -4.217e-01 -4.436e+00 -4.939e+00 -1.379e+01 -2.219e+00 -6.648e+00 -1.442e+01 -2.375e+00 -2.522e+00 -5.880e+00 -1.674e+01 -1.479e+01 -6.482e+00 -2.806e+00
+16.295 +13.787 17.846  1.574 0.562 0.000 0.999 -2.400e+01 -2.229e-01 -4.137e-01 -4.429e+00 -4.932e+00 -1.379e+01 -2.212e+00 -6.640e+00 -1.442e+01 -2.395e+00 -2.524e+00 -5.883e+00 -1.676e+01 -1.480e+01 -6.482e+00 -2.806e+00
+16.322 +13.541 17.875  1.577 0.562 0.000 0.999 -2.400e+01 -2.285e-01 -4.051e-01 -4.421e+00 -4.924e+00 -1.378e+01 -2.204e+00 -6.632e+00 -1.441e+01 -2.417e+00 -2.529e+00 -5.887e+00 -1.679e+01 -1.481e+01 -6.485e+00 -2.806e+00
+16.350 +14.101 17.905  1.579 0.562 0.000 0.999 -2.400e+01 -2.345e-01 -3.962e-01 -4.413e+00 -4.916e+00 -1.378e+01 -2.196e+00 -6.624e+00 -1.441e+01 -2.439e+00 -2.534e+00 -5.893e+00 -1.682e+01 -1.482e+01 -6.489e+00 -2.806e+00
+16.377 +13.924 17.934  1.580 0.562 0.000 0.999 -2.400e+01 -2.410e-01 -3.869e-01 -4.405e+00 -4.908e+00 -1.378e+01 -2.187e+00 -6.616e+00 -1.441e+01 -2.462e+00 -2.542e+00 -5.900e+00 -1.685e+01 -1.484e+01 -6.495e+00 -2.806e+00
+16.405 +13.793 17.963  1.581 0.562 0.000 0.999 -2.400e+01 -2.481e-01 -3.771e-01 -4.396e+00 -4.900e+00 -1.378e+01 -2.179e+00 -6.608e+00 -1.441e+01 -2.486e+00 -2.551e+00 -5.909e+00 -1.688e+01 -1.485e+01 -6.503e+00 -2.806e+00
+16.432 +14.455 17.992  1.581 0.562 0.000 0.999 -2.400e+01 -2.558e-01 -3.669e-01 -4.389e+00 -4.892e+00 -1.378e+01 -2.171e+00 -6.600e+00 -1.441e+01 -2.511e+00 -2.561e+00 -5.919e+00 -1.691e+01 -1.487e+01 -6.512e+00 -2.806e+00
+16.460 +14.459 18.021  1.581 0.562 0.000 0.999 -2.400e+01 -2.641e-01 -3.563e-01 -4.381e+00 -4.883e+00 -1.378e+01 -2.163e+00 -6.592e+00 -1.441e+01 -2.537e+00 -2.574e+00 -5.931e+00 -1.695e+01 -1.489e+01 -6.523e+00 -2.806e+00
+16.487 +13.958 18.049  1.580 0.562 0.000 0.999 -2.400e+01 -2.732e-01 -3.454e-01 -4.372e+00 -4.876e+00 -1.378e+01 -2.155e+00 -6.584e+00 -1.441e+01 -2.563e+00 -2.588e+00 -5.945e+00 -1.698e+01 -1.491e+01 -6.536e+00 -2.806e+00
+16.515 +14.465 18.078  1.578 0.562 0.000 0.998 -2.400e+01 -2.830e-01 -3.340e-01 -4.365e+00 -4.867e+00 -1.378e+01 -2.147e+00 -6.576e+00 -1.441e+01 -2.590e+00 -2.603e+00 -5.960e+00 -1.702e+01 -1.494e+01 -6.550e+00 -2.806e+00
+16.542 +14.478 18.106  1.575 0.562 0.000 0.998 -2.400e+01 -2.937e-01 -3.223e-01 -4.357e+00 -4.859e+00 -1.378e+01 -2.139e+00 -6.568e+00 -1.441e+01 -2.618e+00 -2.620e+00 -5.977e+00 -1.706e+01 -1.497e+01 -6.567e+00 -2.806e+00
+16.570 +14.536 18.134  1.572 0.562 0.000 0.998 -2.400e+01 -3.052e-01 -3.102e-01 -4.349e+00 -4.852e+00 -1.379e+01 -2.131e+00 -6.561e+00 -1.442e+01 -2.646e+00 -2.639e+00 -5.996e+00 -1.710e+01 -1.500e+01 -6.584e+00 -2.806e+00
+16.597 +14.234 18.162  1.567 0.562 0.000 0.998 -2.400e+01 -3.178e-01 -2.979e-01 -4.341e+00 -4.844e+00 -1.379e+01 -2.123e+00 -6.553e+00 -1.442e+01 -2.674e+00 -2.659e+00 -6.016e+00 -1.714e+01 -1.503e+01 -6.604e+00 -2.806e+00
+16.625 +13.132 18.190  1.561 0.500 0.000 0.998 -2.400e+01 -3.314e-01 -2.852e-01 -4.333e+00 -4.836e+00 -1.380e+01 -2.116e+00 -6.545e+00 -1.443e+01 -2.703e+00 -2.681e+00 -6.037e+00 -1.718e+01 -1.507e+01 -6.624e+00 -2.806e+00
+16.652 +14.172 18.217  1.554 0.562 0.000 0.998 -2.400e+01 -3.461e-01 -2.724e-01 -4.326e+00 -4.829e+00 -1.381e+01 -2.108e+00 -6.537e+00 -1.444e+01 -2.732e+00 -2.703e+00 -6.061e+00 -1.722e+01 -1.510e+01 -6.646e+00 -2.806e+00
+16.680 +14.716 18.243  1.546 0.562 0.000 0.998 -2.400e+01 -3.621e-01 -2.593e-01 -4.318e+00 -4.821e+00 -1.381e+01 -2.100e+00 -6.530e+00 -1.444e+01 -2.760e+00 -2.727e+00 -6.083e+00 -1.727e+01 -1.514e+01 -6.670e+00 -2.806e+00
+16.707 +14.315 18.269  1.536 0.562 0.000 0.998 -2.400e+01 -3.794e-01 -2.460e-01 -4.310e+00 -4.813e+00 -1.382e+01 -2.092e+00 -6.522e+00 -1.445e+01 -2.788e+00 -2.752e+00 -6.109e+00 -1.731e+01 -1.518e+01 -6.695e+00 -2.806e+00
+16.735 +14.731 18.295  1.526 0.562 0.000 0.998 -2.400e+01 -3.982e-01 -2.327e-01 -4.302e+00 -4.805e+00 -1.383e+01 -2.084e+00 -6.514e+00 -1.446e+01 -2.816e+00 -2.778e+00 -6.133e+00 -1.736e+01 -1.523e+01 -6.719e+00 -2.806e+00
+16.762 +12.145 18.320  1.513 0.375 0.000 0.998 -2.400e+01 -4.187e-01 -2.192e-01 -4.294e+00 -4.797e+00 -1.385e+01 -2.076e+00 -6.506e+00 -1.448e+01 -2.842e+00 -2.804e+00 -6.158e+00 -1.741e+01 -1.528e+01 -6.745e+00 -2.806e+00
+16.790 +14.637 18.344  1.502 0.562 0.024 1.000 -2.400e+01 -4.400e-01 -2.049e-01 -4.285e+00 -4.789e+00 -1.386e+01 -2.067e+00 -6.497e+00 -1.449e+01 -2.867e+00 -2.830e+00 -6.185e+00 -1.745e+01 -1.532e+01 -6.771e+00 -2.805e+00
+16.817 +14.751 18.368  1.487 0.562 0.024 1.000 -2.400e+01 -4.641e-01 -1.915e-01 -4.277e+00 -4.780e+00 -1.387e+01 -2.059e+00 -6.489e+00 -1.450e+01 -2.892e+00 -2.857e+00 -6.212e+00 -1.750e+01 -1.537e+01 -6.798e+00 -2.805e+00
+16.845 +14.825 18.391  1.468 0.562 0.024 1.000 -2.400e+01 -4.903e-01 -1.781e-01 -4.270e+00 -4.771e+00 -1.389e+01 -2.051e+00 -6.481e+00 -1.452e+01 -2.915e+00 -2.883e+00 -6.237e+00 -1.755e+01 -1.542e+01 -6.825e+00 -2.805e+00
+16.872 +14.539 18.413  1.449 0.562 0.024 1.000 -2.400e+01 -5.187e-01 -1.649e-01 -4.259e+00 -4.764e+00 -1.391e+01 -2.042e+00 -6.473e+00 -1.454e+01 -2.937e+00 -2.910e+00 -6.266e+00 -1.760e+01 -1.548e+01 -6.851e+00 -2.805e+00
+16.900 +14.860 18.435  1.427 0.562 0.024 1.000 -2.400e+01 -5.496e-01 -1.520e-01 -4.252e+00 -4.755e+00 -1.393e+01 -2.034e+00 -6.464e+00 -1.456e+01 -2.957e+00 -2.935e+00 -6.291e+00 -1.765e+01 -1.554e+01 -6.878e+00 -2.805e+00
+16.927 +14.866 18.456  1.403 0.562 0.024 1.000 -2.400e+01 -5.832e-01 -1.393e-01 -4.244e+00 -4.745e+00 -1.396e+01 -2.025e+00 -6.454e+00 -1.459e+01 -2.975e+00 -2.960e+00 -6.311e+00 -1.770e+01 -1.559e+01 -6.903e+00 -2.805e+00
+16.955 +13.969 18.476  1.372 0.562 0.024 1.000 -2.400e+01 -6.197e-01 -1.269e-01 -4.234e+00 -4.737e+00 -1.399e+01 -2.016e+00 -6.446e+00 -1.462e+01 -2.991e+00 -2.984e+00 -6.342e+00 -1.776e+01 -1.566e+01 -6.928e+00 -2.805e+00
+16.982 +13.348 18.495  1.342 0.438 0.024 1.000 -2.400e+01 -6.595e-01 -1.149e-01 -4.225e+00 -4.728e+00 -1.402e+01 -2.007e+00 -6.437e+00 -1.465e+01 -3.005e+00 -3.006e+00 -6.363e+00 -1.781e+01 -1.572e+01 -6.951e+00 -2.805e+00
+17.010 +14.236 18.513  1.307 0.562 0.024 1.000 -2.400e+01 -7.026e-01 -1.034e-01 -4.217e+00 -4.718e+00 -1.405e+01 -1.998e+00 -6.428e+00 -1.468e+01 -3.018e+00 -3.027e+00 -6.385e+00 -1.787e+01 -1.578e+01 -6.973e+00 -2.805e+00
+17.037 +14.513 18.530  1.270 0.562 0.024 1.000 -2.400e+01 -7.496e-01 -9.245e-02 -4.208e+00 -4.709e+00 -1.409e+01 -1.989e+00 -6.419e+00 -1.472e+01 -3.028e+00 -3.046e+00 -6.403e+00 -1.792e+01 -1.585e+01 -6.993e+00 -2.805e+00
+17.065 +14.966 18.546  1.229 0.562 0.024 1.000 -2.400e+01 -8.007e-01 -8.205e-02 -4.199e+00 -4.700e+00 -1.413e+01 -1.980e+00 -6.410e+00 -1.476e+01 -3.037e+00 -3.063e+00 -6.419e+00 -1.798e+01 -1.592e+01 -7.011e+00 -2.805e+00
+17.092 +14.343 18.561  1.181 0.562 0.024 1.000 -2.400e+01 -8.562e-01 -7.228e-02 -4.190e+00 -4.691e+00 -1.418e+01 -1.971e+00 -6.401e+00 -1.481e+01 -3.045e+00 -3.079e+00 -6.437e+00 -1.805e+01 -1.599e+01 -7.027e+00 -2.806e+00
+17.120 +14.710 18.575  1.130 0.562 0.024 1.000 -2.400e+01 -9.166e-01 -6.319e-02 -4.181e+00 -4.682e+00 -1.423e+01 -1.962e+00 -6.392e+00 -1.486e+01 -3.050e+00 -3.093e+00 -6.450e+00 -1.811e+01 -1.606e+01 -7.041e+00 -2.806e+00
+17.147 +14.365 18.587  1.073 0.562 0.024 1.000 -2.400e+01 -9.824e-01 -5.483e-02 -4.171e+00 -4.673e+00 -1.429e+01 -1.953e+00 -6.383e+00 -1.492e+01 -3.055e+00 -3.105e+00 -6.463e+00 -1.818e+01 -1.614e+01 -7.054e+00 -2.806e+00
+17.175 +14.518 18.598  1.012 0.562 0.024 1.000 -2.400e+01 -1.054e+00 -4.721e-02 -4.162e+00 -4.665e+00 -1.435e+01 -1.944e+00 -6.374e+00 -1.498e+01 -3.058e+00 -3.116e+00 -6.473e+00 -1.826e+01 -1.622e+01 -7.065e+00 -2.806e+00
+17.202 +14.908 18.608  0.943 0.562 0.024 1.000 -2.400e+01 -1.132e+00 -4.035e-02 -4.154e+00 -4.654e+00 -1.442e+01 -1.935e+00 -6.365e+00 -1.505e+01 -3.061e+00 -3.125e+00 -6.481e+00 -1.834e+01 -1.631e+01 -7.074e+00 -2.806e+00
+17.230 +14.345 18.617  0.866 0.500 0.024 1.000 -2.400e+01 -1.216e+00 -3.427e-02 -4.145e+00 -4.646e+00 -1.449e+01 -1.927e+00 -6.357e+00 -1.512e+01 -3.063e+00 -3.132e+00 -6.490e+00 -1.842e+01 -1.640e+01 -7.082e+00 -2.806e+00
+17.257 +14.854 18.625  0.784 0.562 0.024 1.000 -2.400e+01 -1.308e+00 -2.896e-02 -4.137e+00 -4.637e+00 -1.458e+01 -1.918e+00 -6.348e+00 -1.521e+01 -3.064e+00 -3.138e+00 -6.495e+00 -1.852e+01 -1.650e+01 -7.089e+00 -2.806e+00
+17.285 +14.864 18.631  0.692 0.562 0.024 1.000 -2.400e+01 -1.408e+00 -2.439e-02 -4.128e+00 -4.629e+00 -1.467e+01 -1.910e+00 -6.340e+00 -1.530e+01 -3.064e+00 -3.144e+00 -6.500e+00 -1.862e+01 -1.660e+01 -7.094e+00 -2.806e+00
+17.312 +14.400 18.637  0.591 0.500 0.024 1.000 -2.400e+01 -1.516e+00 -2.054e-02 -4.120e+00 -4.622e+00 -1.477e+01 -1.903e+00 -6.333e+00 -1.540e+01 -3.065e+00 -3.148e+00 -6.505e+00 -1.873e+01 -1.672e+01 -7.099e+00 -2.806e+00
+17.340 +14.697 18.642  0.481 0.500 0.024 1.000 -2.400e+01 -1.634e+00 -1.736e-02 -4.113e+00 -4.614e+00 -1.488e+01 -1.896e+00 -6.325e+00 -1.551e+01 -3.065e+00 -3.151e+00 -6.508e+00 -1.884e+01 -1.684e+01 -7.102e+00 -2.806e+00
+17.367 +14.502 18.645  0.360 0.500 0.024 1.000 -2.400e+01 -1.761e+00 -1.479e-02 -4.106e+00 -4.607e+00 -1.500e+01 -1.889e+00 -6.319e+00 -1.563e+01 -3.065e+00 -3.154e+00 -6.510e+00 -1.897e+01 -1.697e+01 -7.105e+00 -2.806e+00
+17.395 +14.952 18.648  0.231 0.500 0.024 1.000 -2.400e+01 -1.899e+00 -1.275e-02 -4.099e+00 -4.600e+00 -1.513e+01 -1.883e+00 -6.312e+00 -1.576e+01 -3.065e+00 -3.156e+00 -6.512e+00 -1.911e+01 -1.711e+01 -7.107e+00 -2.807e+00
+17.422 +15.212 18.651  0.091 0.500 0.024 1.000 -2.400e+01 -2.048e+00 -1.119e-02 -4.094e+00 -4.591e+00 -1.527e+01 -1.877e+00 -6.304e+00 -1.590e+01 -3.064e+00 -3.157e+00 -6.512e+00 -1.925e+01 -1.725e+01 -7.108e+00 -2.807e+00
+17.450 +14.845 18.652 -0.065 0.438 0.024 1.000 -2.400e+01 -2.209e+00 -1.003e-02 -4.085e+00 -4.588e+00 -1.543e+01 -1.872e+00 -6.301e+00 -1.606e+01 -3.064e+00 -3.158e+00 -6.512e+00 -1.942e+01 -1.742e+01 -7.109e+00 -2.807e+00
+17.477 +14.195 18.654 -0.235 0.375 0.024 1.000 -2.400e+01 -2.383e+00 -9.185e-03 -4.082e+00 -4.580e+00 -1.560e+01 -1.868e+00 -6.298e+00 -1.623e+01 -3.064e+00 -3.159e+00 -6.511e+00 -1.959e+01 -1.760e+01 -7.110e+00 -2.807e+00
+17.505 +14.979 18.655 -0.416 0.438 0.024 1.000 -2.400e+01 -2.571e+00 -8.593e-03 -4.077e+00 -4.576e+00 -1.578e+01 -1.864e+00 -6.292e+00 -1.641e+01 -3.064e+00 -3.160e+00 -6.512e+00 -1.978e+01 -1.778e+01 -7.110e+00 -2.807e+00
+17.532 +15.253 18.655 -0.612 0.438 0.024 1.000 -2.400e+01 -2.774e+00 -8.196e-03 -4.073e+00 -4.569e+00 -1.598e+01 -1.861e+00 -6.287e+00 -1.661e+01 -3.064e+00 -3.160e+00 -6.511e+00 -1.998e+01 -1.798e+01 -7.110e+00 -2.807e+00
+17.560 +14.883 18.656 -0.828 0.375 0.024 1.000 -2.400e+01 -2.993e+00 -7.941e-03 -4.067e+00 -4.563e+00 -1.619e+01 -1.858e+00 -6.287e+00 -1.683e+01 -3.064e+00 -3.160e+00 -6.509e+00 -2.020e+01 -1.820e+01 -7.110e+00 -2.807e+00
+17.587 +14.886 18.656 -1.058 0.375 0.024 1.000 -2.400e+01 -3.229e+00 -7.783e-03 -4.062e+00 -4.554e+00 -1.642e+01 -1.856e+00 -6.284e+00 -1.706e+01 -3.064e+00 -3.160e+00 -6.506e+00 -2.044e+01 -1.844e+01 -7.110e+00 -2.807e+00
+17.615 +15.684 18.656 -1.291 0.438 0.024 1.000 -2.400e+01 -3.485e+00 -7.691e-03 -4.057e+00 -4.545e+00 -1.666e+01 -1.854e+00 -6.273e+00 -1.731e+01 -3.064e+00 -3.160e+00 -6.503e+00 -2.068e+01 -1.869e+01 -7.110e+00 -2.807e+00
+17.642 +15.881 18.656 -1.544 0.375 0.024 1.000 -2.400e+01 -3.764e+00 -7.643e-03 -4.048e+00 -4.535e+00 -1.693e+01 -1.853e+00 -6.264e+00 -1.758e+01 -3.064e+00 -3.160e+00 -6.497e+00 -2.095e+01 -1.896e+01 -7.110e+00 -2.807e+00
+17.670 +16.059 18.656 -1.857 0.375 0.024 1.000 -2.400e+01 -4.068e+00 -7.616e-03 -4.048e+00 -4.573e+00 -1.722e+01 -1.852e+00 -6.282e+00 -1.787e+01 -3.064e+00 -3.160e+00 -6.493e+00 -2.125e+01 -1.925e+01 -7.110e+00 -2.807e+00
+17.697 +15.952 18.656 -2.181 0.375 0.024 1.000 -2.400e+01 -4.399e+00 -7.600e-03 -4.041e+00 -4.573e+00 -1.755e+01 -1.852e+00 -6.282e+00 -1.821e+01 -3.064e+00 -3.161e+00 -6.481e+00 -2.158e+01 -1.959e+01 -7.110e+00 -2.807e+00
+17.725 +16.059 18.656 -2.525 0.375 0.024 1.000 -2.400e+01 -4.755e+00 -7.591e-03 -4.044e+00 -4.573e+00 -1.790e+01 -1.852e+00 -6.282e+00 -1.856e+01 -3.064e+00 -3.161e+00 -6.477e+00 -2.193e+01 -1.994e+01 -7.110e+00 -2.807e+00
+17.752 +14.820 18.656 -2.986 0.312 0.024 1.000 -2.400e+01 -5.151e+00 -7.586e-03 -4.045e+00 -4.573e+00 -1.833e+01 -1.851e+00 -6.282e+00 -1.898e+01 -3.064e+00 -3.161e+00 -6.474e+00 -2.235e+01 -2.036e+01 -7.110e+00 -2.807e+00
+17.780 +16.518 18.656 -3.237 0.375 0.024 1.000 -2.400e+01 -5.545e+00 -7.584e-03 -4.047e+00 -4.573e+00 -1.863e+01 -1.851e+00 -6.282e+00 -1.929e+01 -3.064e+00 -3.161e+00 -6.474e+00 -2.264e+01 -2.067e+01 -7.110e+00 -2.807e+00
+17.807 +16.109 18.656 -3.804 0.312 0.024 1.000 -2.400e+01 -6.035e+00 -7.584e-03 -4.046e+00 -4.573e+00 -1.918e+01 -1.851e+00 -6.282e+00 -1.983e+01 -3.064e+00 -3.161e+00 -6.472e+00 -2.314e+01 -2.121e+01 -7.110e+00 -2.807e+00
+17.835 +15.838 18.656 -4.325 0.312 0.024 1.000 -2.400e+01 -6.510e+00 -7.583e-03 -4.046e+00 -4.573e+00 -1.967e+01 -1.851e+00 -6.282e+00 -2.033e+01 -3.064e+00 -3.161e+00 -6.472e+00 -2.352e+01 -2.170e+01 -7.110e+00 -2.807e+00
+17.862 +16.682 18.656 -4.631 0.312 0.024 1.000 -2.400e+01 -7.007e+00 -7.583e-03 -4.046e+00 -4.573e+00 -2.005e+01 -1.851e+00 -6.282e+00 -2.070e+01 -3.064e+00 -3.161e+00 -6.472e+00 -2.374e+01 -2.208e+01 -7.110e+00 -2.807e+00
+17.890 +16.890 18.656 -5.026 0.312 0.024 1.000 -2.400e+01 -7.550e+00 -7.583e-03 -4.046e+00 -4.573e+00 -2.037e+01 -1.851e+00 -6.282e+00 -2.103e+01 -3.064e+00 -3.161e+00 -6.472e+00 -2.386e+01 -2.240e+01 -7.110e+00 -2.807e+00
+17.917 +16.917 18.656 -5.578 0.312 0.024 1.000 -2.400e+01 -8.140e+00 -7.583e-03 -4.046e+00 -4.573e+00 -2.093e+01 -1.851e+00 -6.282e+00 -2.158e+01 -3.064e+00 -3.161e+00 -6.472e+00 -2.395e+01 -2.292e+01 -7.110e+00 -2.807e+00
+17.945 +16.945 18.656 -6.190 0.312 0.024 1.000 -2.400e+01 -8.767e+00 -7.583e-03 -4.046e+00 -4.573e+00 -2.153e+01 -1.851e+00 -6.282e+00 -2.217e+01 -3.064e+00 -3.161e+00 -6.472e+00 -2.399e+01 -2.343e+01 -7.110e+00 -2.807e+00
+17.972 +16.972 18.656 -6.831 0.312 0.024 1.000 -2.400e+01 -9.446e+00 -7.583e-03 -4.046e+00 -4.573e+00 -2.216e+01 -1.851e+00 -6.282e+00 -2.279e+01 -3.064e+00 -3.161e+00 -6.472e+00 -2.400e+01 -2.379e+01 -7.110e+00 -2.807e+00
+18.000 +17.000 18.656 -7.522 0.312 0.024 1.000 -2.400e+01 -1.019e+01 -7.583e-03 -4.046e+00 -4.573e+00 -2.282e+01 -1.851e+00 -6.282e+00 -2.339e+01 -3.064e+00 -3.161e+00 -6.472e+00 -2.400e+01 -2.395e+01 -7.110e+00 -2.807e+00
